41906
7297
1640
48599
18025
16050
14629
9145
48266
6718
44349
48541
35742
5698
38699
27652
2083
1953
6141
14329
15248
33119
39454
1740
36782
13032
46926
42591
45963
35714
27494
14447
29440
38619
18232
426
49730
10464
45754
27697
22299
18211
10190
14111
22060
6699
6079
24899
6339
23527
22542
39566
17336
2848
47824
30109
35143
8181
24808
5165
36179
19214
41199
40536
23701
37838
12602
46175
4559
3004
43337
14936
18966
5230
15257
6620
24912
18218
29715
41661
23910
10660
24261
23284
13731
43921
17497
45995
44797
42470
4680
39921
41614
11216
35006
47785
16044
10709
30295
24868
17692
41944
45100
36501
14393
44867
21253
3666
15011
2104
20674
26291
17547
4338
13827
37171
47050
20623
13935
42955
32718
25929
42130
30072
9364
17360
9151
16163
48824
36790
35323
17220
48957
38312
28078
38243
26176
23724
14374
9066
33393
32344
5958
49531
3088
7186
10017
41121
10485
44597
27667
39087
4164
25217
25010
39053
30675
34677
16477
36257
753
44584
47234
7508
44677
35191
49210
17487
42007
22294
7311
19235
28493
10366
29736
213
47324
47165
17262
32807
49936
11709
33272
6974
40980
19559
41875
33271
39910
13036
10017
24505
49972
10588
35349
34758
38
39253
21244
32022
1277
7332
23789
20154
15693
3797
15786
37183
5162
5614
47967
31850
4536
49847
34912
8242
8415
43238
31149
36032
10822
17371
34582
39754
27731
13881
35344
49498
47837
45212
13183
46724
20429
26149
44020
42591
24473
28712
33920
29589
7931
16247
14726
4197
22157
1379
38556
36302
15081
38565
14433
472
4653
46390
41360
3859
15004
4418
2059
21655
4644
33696
15598
18251
43843
31813
14041
35340
8672
47406
37424
37763
30977
15926
30997
26678
12479
6182
6353
43188
28250
23220
27760
26942
30607
47781
3551
44130
42825
42349
6450
3973
26387
47725
22237
7162
16296
12557
12466
35147
29401
9187
27649
12026
18255
30319
16372
4941
29042
36067
6417
3316
42739
35428
968
6113
49386
15492
10900
26635
31827
31547
14009
26283
3843
10790
24837
142
25587
17381
29820
18695
27723
45652
47875
36423
43377
47082
31895
10145
12446
19446
14268
3833
37958
48218
35534
3995
49020
20553
3747
3287
38285
31247
32955
34808
10318
3728
33282
5251
12179
4491
38997
4454
44251
15415
26462
7857
37335
16136
37941
38963
2605
40592
5373
27475
43082
38252
37043
34262
20734
17090
13387
43892
46937
20591
15643
17408
25939
8578
44020
42304
19661
29965
20721
49275
4755
611
30035
40709
36897
6553
4802
35235
13970
33154
17381
8681
22873
4509
16010
24218
18677
10339
28717
35601
46108
19826
40087
42859
34665
513
43770
36347
19621
43476
6789
8801
17333
7565
7015
48656
36257
10188
17849
18466
39639
13804
47030
22472
13343
45056
41566
17301
33123
32017
16458
3330
6049
41569
27760
18133
2890
233
21860
8574
41754
17168
10590
48578
28957
36155
46247
28029
36760
634
7332
4932
45287
9769
35756
2362
24197
38176
36211
9706
28167
8353
2742
20203
23898
2615
23450
13768
44700
16354
43709
6737
23179
36693
26633
40676
49118
10129
15515
10650
11604
27021
1625
11755
48272
21771
26983
43904
48173
16264
17486
10434
45959
7085
25071
2538
30848
14578
13080
30167
22916
20001
14916
14610
1551
43256
12657
26114
21513
18259
4550
18293
23013
42041
33385
26194
44533
35142
21703
1809
7560
17119
11703
38050
17398
2508
7105
39097
28480
22655
47746
20558
28600
39729
33517
7579
25245
37788
12458
16694
2909
46451
28578
111
34074
35288
45014
47149
48625
48303
43951
12913
23870
28266
4586
43532
21640
40840
20573
43476
8168
47170
19682
33235
20270
43706
26765
21377
26372
45693
19377
36334
8342
12573
27555
43577
24848
44389
49030
11406
40339
37297
19724
26613
35910
27
19915
18804
13775
28174
38010
39759
42907
21119
30474
28953
28978
44278
14006
33501
31011
48232
11121
43179
5558
18599
33781
43507
41481
40584
21967
6121
49227
15393
44093
20344
14723
13051
9657
1601
3029
16047
31139
40061
4773
29847
27161
41273
37728
12743
47078
45637
25165
32400
26192
15990
9672
42996
45065
364
49216
6986
27863
14342
11527
45608
33945
30445
3292
36531
16332
7954
29915
8739
30451
43751
34809
36630
39024
20795
49497
29005
40151
47139
33082
27967
35906
29224
10431
48737
31109
29496
16987
49269
16204
41790
18174
34164
31759
41075
15680
17997
28828
5078
46763
18726
15368
17808
22011
20953
35400
5281
9069
9885
15156
25103
45479
10015
46296
14022
4210
27189
26713
21685
35561
30535
27249
4081
13556
27535
25525
38279
45582
1281
37729
24929
31260
387
23053
19570
49380
25559
27461
35273
48990
48145
35792
39535
14454
31997
14381
17888
28563
31828
1903
25485
22029
43836
44509
26498
47460
10817
30631
8365
40781
35005
1768
25823
38791
36988
43451
1777
5502
42124
28090
8894
30258
11910
3296
17050
24845
21454
13872
29800
21421
22119
49888
24847
18236
49284
27628
16533
5368
30823
1271
49089
35352
3414
22936
14695
42608
4497
42714
2639
49430
2034
16206
13066
1336
40720
9987
15634
8273
31036
43874
7497
36961
14285
30477
45841
16794
24176
10997
39708
39797
49017
47079
7507
10733
20385
7085
37925
1683
20445
37736
44391
24597
25996
46860
12998
4981
38804
45261
41107
15916
6679
45692
19765
44844
39349
7934
37089
2692
22755
34914
28075
43354
24286
4520
33159
42438
22363
830
27529
32126
6917
28412
23737
41654
30130
46355
10027
28541
11544
48091
34194
42629
17701
40365
35270
31687
30466
28546
47909
38829
17590
21123
16089
5680
18280
29544
15982
49184
30456
37346
39999
43791
24838
22047
1881
32395
21301
11918
31953
13902
23254
16932
22305
18328
39070
45953
18106
36425
666
33858
12522
5611
15818
47191
26636
32020
36385
49688
15750
45260
31202
42330
46652
32167
29372
1131
6099
19284
14523
26503
45337
15946
20068
43514
38113
24185
31016
36273
34795
22529
27886
48886
36071
21679
23057
46063
29737
17755
20095
16476
15109
7908
47271
12622
20680
7836
48686
35119
49951
45231
12134
12553
14181
48406
31733
18121
47487
38640
49821
34383
39112
18547
6589
12722
19415
14909
23651
11760
19810
928
46401
35006
8296
17978
2983
3574
36265
19146
45706
8276
41804
49335
32171
6724
804
37622
18635
30763
31374
28867
22329
12083
3368
16547
31309
7477
4283
26261
32228
4856
37816
41252
44988
3514
9944
9778
36887
19913
5583
16266
7763
36574
27275
39736
39068
40529
14791
34248
24929
29525
29015
19488
38570
28104
20014
37266
40700
3948
39953
48503
6504
49987
13618
40994
13830
17344
43282
5321
10293
15720
11392
36176
4920
10259
176
26773
29525
45179
38917
30797
19088
2140
15171
18882
46332
18529
46071
29756
4665
45049
15298
17338
40964
38653
43332
12965
27862
7522
35689
14734
42444
9765
17409
9322
4680
3909
10874
20160
38997
49084
37304
18915
28781
8150
30717
45134
19929
45858
26379
17842
32799
35389
32362
28689
5272
39193
2613
28314
48139
21124
39565
16409
1696
5986
15003
44191
37697
38478
1360
44059
17663
37765
2637
49563
11482
30835
34011
42698
28982
18230
11895
38361
28567
41602
32226
5980
30803
22804
26762
21844
21041
43918
6856
10540
21615
26978
45461
32472
18889
43424
26245
49841
36052
2405
29808
5772
20613
16542
21187
7598
26489
33725
76
43101
35560
30277
27083
3553
12294
33977
23710
40805
49575
32670
40987
28970
49807
3383
13341
17502
35994
8587
18877
28713
45761
31767
7958
1892
41290
39904
15683
46517
10380
20366
36100
897
36193
26739
6109
14726
7436
30242
7699
42449
10091
32662
46964
19128
33350
46230
17920
27230
31622
30948
15974
29936
36128
9480
25139
12492
39281
33309
48910
8947
4576
18105
27194
22275
33276
17510
169
18537
47583
19567
38466
38006
43250
32090
9739
29265
35297
31742
22619
21787
36171
49996
35615
24721
29842
21089
12364
45712
15651
37474
25099
15307
26921
2861
20853
48805
30997
46218
24985
25303
43496
42731
9969
32462
2427
8274
32919
38679
21758
6578
28856
6535
34469
29946
1006
47347
9448
26869
42912
10117
4904
30769
17369
22188
40846
45398
26050
42588
5264
21533
44195
34972
24905
20753
41078
47102
49769
31979
35457
2353
40466
4485
15386
41364
44853
18834
14909
48941
5924
28441
6452
49832
41534
46131
6587
29077
10903
45483
19626
1898
3015
21259
3678
19227
23493
24566
28226
9541
16004
34811
27005
37089
44683
11801
11141
11474
5176
39944
25071
40614
44770
15784
32616
38218
9380
15217
30222
41806
16645
30119
16734
43703
616
30491
18851
44408
35822
10354
4841
28950
22647
38508
19606
41874
27808
45241
16391
29940
19800
13056
25212
31668
6990
15546
24994
37482
23525
37671
19391
45828
19349
1438
43138
25940
17989
531
37089
44945
48803
3215
39742
48836
32554
18757
15082
39785
23090
14353
41722
12461
40691
16426
44418
49518
47247
43201
44621
8964
41173
6368
41122
42359
2584
20247
28890
2187
37983
23912
47996
8613
5907
19341
21412
48987
27231
11511
13160
8662
35351
23977
34790
32886
17861
10784
16841
31579
19343
48927
22199
7548
30693
4935
9225
49425
14786
44324
47463
44198
26045
36525
23972
5919
25859
913
17332
35165
8100
29805
24156
44095
49088
44063
17182
38310
24971
41848
24345
7101
44227
15324
30899
1641
40603
36793
21497
39983
14508
42445
4143
41642
30427
45946
19805
42549
26759
7647
9161
2972
2439
19947
32285
7611
6370
15388
35229
8891
25471
29730
24315
43941
48703
45645
35403
27468
38492
48646
47619
10127
27190
42921
6490
32070
40348
26747
18334
2145
45239
24284
14239
29058
29144
15474
23769
6512
44937
24074
35683
42260
23507
3969
26093
18081
12440
8006
29801
6008
43436
13901
42055
41910
39135
1400
3315
21857
15963
8253
37001
13449
4497
36321
13577
38430
14153
15270
21533
9671
39059
186
18172
9483
8520
35404
16427
11436
7205
43324
1690
8638
974
23478
15594
38592
21219
1035
11420
17392
3435
8308
48610
27589
34478
7449
48868
4166
31212
29379
23727
33636
38907
7147
29623
33020
14520
40312
2842
47661
43182
34174
19768
30019
42162
2042
3987
31391
26321
27937
44965
7076
32131
46688
29070
4817
5295
21110
39866
9722
4305
8271
18024
40916
41490
38363
35938
46672
21312
24963
39151
34771
19327
29735
33132
39678
28194
6500
45992
7499
42908
42659
36133
47241
14092
28186
29594
14975
27120
22213
29721
26132
27263
47816
6232
20484
27969
20482
43589
16705
24531
10004
45012
31082
4400
5979
5595
6110
28304
6329
48798
48418
24422
8528
36463
3931
38435
36805
36811
21604
43910
8011
26923
23174
43604
49171
27718
47256
3372
18851
39349
20477
23046
6790
37875
33254
13943
10141
43040
31601
14697
7093
22946
36456
24089
7530
49979
18257
37625
14822
28123
36764
40746
40212
44236
42120
36487
1721
39912
43112
45448
17528
1898
11824
17910
46053
49966
20250
22271
23005
401
11889
9389
37115
43080
26266
4561
9298
48561
41496
2010
6014
48898
34766
14099
24655
27515
29731
22341
10316
24252
20424
47291
21259
37198
39075
5568
3448
10197
10317
49443
40491
3262
44170
5347
17833
29040
43381
27789
31829
39786
28970
27144
17903
14128
49476
33578
7460
22622
28175
7268
18563
44448
44466
38872
31892
34534
43722
20213
2977
14452
25904
39278
3591
504
13398
19754
13844
8994
16746
18970
21504
7864
507
32597
48957
28224
11515
8467
24918
34904
46116
15081
32786
36617
43782
23211
4724
26023
48631
2773
28589
1229
30131
5103
20517
37733
28134
37579
26505
46498
41953
27374
18974
7549
26545
1367
21285
11264
40510
30153
45195
23715
5776
28621
6938
15946
28553
38593
26244
34339
5155
25937
20335
48878
22251
14521
21828
11019
5006
33456
41500
7473
34774
33421
12708
22897
23010
47670
42300
9680
15485
6738
9598
16776
12929
11371
39479
10019
49822
49752
42960
4939
11610
41154
32383
30406
49444
36945
49800
37977
29420
44639
36995
42140
41635
40929
21182
41106
20719
9894
28821
4476
30732
28981
41379
19846
18002
38760
3682
23065
33249
4863
20343
30261
29617
2465
3729
24166
18814
5029
42249
5918
40306
38934
33232
25198
30325
38033
36328
48426
2689
29474
37465
42719
12337
21072
39650
31171
32858
9887
4055
29526
6784
22508
46814
5527
33067
42345
11309
2566
16237
46375
28689
28798
34346
34259
39965
10404
23849
24436
18540
25390
26790
22176
44493
39184
3432
41346
42422
21932
4320
21607
6194
36567
44459
25334
18622
16515
47431
43029
39499
9855
21848
5342
38191
43491
9269
22926
20332
42996
45776
43394
25688
8451
38997
46455
5553
20289
36630
24687
42172
21528
8376
43917
46061
48417
44920
34498
6125
42338
43940
27749
33325
23713
1195
23764
20242
11814
14038
22396
31869
12584
14847
9016
10155
5058
19386
6629
33272
35375
48408
34507
2474
43381
22071
40504
8589
39142
24689
10110
10634
11852
45407
40943
10849
47264
28684
2864
26927
23875
44327
47159
15567
29112
40016
18674
49309
49057
29421
15336
34997
15675
20282
30738
12716
24107
44454
37384
28875
30257
18467
25027
32959
34568
27438
10621
13088
39628
9071
16385
3420
42021
31496
24328
36343
6724
46623
33811
8171
18682
5497
10507
17878
29447
33644
9657
28671
6011
14552
29566
22911
1748
27191
3491
25983
32900
24508
15452
25308
5349
24571
14716
1848
20886
6494
46839
42596
21974
9572
9018
2511
18801
30963
45618
9096
49732
46239
30744
29400
40328
345
5193
1246
16773
14134
9799
35967
47661
39904
34589
27739
7287
18882
15574
19737
7986
3130
15627
27514
41875
40817
29958
4117
7266
32757
39108
35131
1078
41416
33776
37687
15856
47091
9410
19089
28131
103
40293
23123
15766
37400
27301
12276
43541
43793
5611
34308
23633
4436
34476
35657
33249
33268
36317
1333
25589
30811
2854
41660
25355
24465
16624
48977
1065
23403
4428
22597
15803
48035
43064
41174
6794
38136
48182
49590
21792
8744
2906
23089
35784
22188
42127
11475
44872
30450
45574
31362
41402
11946
8838
4136
46927
29995
2424
19232
13212
2871
13073
2747
20683
20322
33777
26099
35589
31025
16602
2400
49368
42396
12525
18751
23395
3133
42975
21754
17906
8158
24119
28637
26216
48714
28819
25340
22220
12244
32520
45356
32606
24075
34032
17480
5415
47651
27821
5173
28221
39483
11827
35749
19253
21051
6724
5248
21491
43315
19376
20087
29224
39494
47033
27926
10922
45205
29092
23039
29304
2776
47633
23106
40295
28505
17994
41909
3760
4918
43987
41781
26622
23810
33626
49146
44526
10485
2041
9358
39818
44440
28717
2281
8273
4407
15467
42282
24008
23734
25091
37175
2123
39656
10056
44504
29487
24312
24381
29095
5039
37613
9024
34699
24049
26086
20604
42570
18265
16359
7435
1699
48214
12193
32706
33931
25362
36810
7718
17156
17059
46140
29247
14063
40100
18716
45481
32192
13119
8038
8896
4854
29626
11316
46752
29171
5754
44691
20945
43768
22769
46501
4256
36045
35532
19030
19658
10323
46650
46502
45890
41793
11410
23691
33342
14696
7954
13172
9102
15515
32377
1723
23652
36309
37505
24177
30632
36153
8505
40105
5651
4309
20270
26094
46985
47112
31370
34452
26922
26833
37677
4834
8214
20777
42097
4861
29490
30529
44572
33906
22579
8411
36131
41930
38522
11926
8457
28353
32956
3632
8138
33955
10029
19932
10791
10615
21146
46487
14777
22677
34007
18616
5169
16424
12865
41620
36100
17987
8204
40962
19846
40268
34963
6123
32937
42008
11052
38785
38054
10106
11220
43171
40926
47228
39659
22127
36938
2700
1860
5324
2980
42039
37800
17345
42673
13816
37496
27302
40509
41877
1985
32640
41102
35755
18984
42069
19799
31651
16049
44892
26614
19493
29724
4783
45129
3927
10360
28810
27239
31736
30438
13371
22295
39759
9416
20486
47079
20927
48117
22635
26131
8570
49851
24284
33750
36809
6959
20914
15843
30571
8030
17530
29465
16248
9233
6345
3317
19020
25176
40330
27403
16271
10467
21459
37860
47260
20495
12441
10443
32655
33734
30594
32687
20221
32596
1519
5902
25772
33125
29966
15777
14100
38231
23128
3189
3313
18439
32434
39159
42878
44075
30841
18727
35173
536
7045
28242
8778
17333
47678
23972
26428
23983
2966
26253
3353
37374
36820
12757
23759
36257
18914
4819
25320
33047
29515
36036
18332
40845
44591
40046
7787
8433
6337
25815
24458
22223
36559
23961
49478
9455
13046
39484
33366
26306
32774
2639
2970
2551
8981
46766
21827
31048
34035
29950
9761
39732
33785
9161
21494
40179
20876
10650
25753
40403
48453
19611
38911
22045
33248
33405
34888
32103
46448
36892
19648
31123
1091
24141
21709
44159
7184
27299
38254
20164
47535
45092
41240
1747
39120
31103
17402
42965
37911
37856
14913
47278
3366
38242
31487
11175
34357
41224
47264
40616
24917
9685
44613
15873
2070
37524
45910
7203
12504
1242
28904
20559
27446
9925
27064
45253
13363
26895
32888
40074
30908
48224
47672
4082
46254
9050
33993
13589
36759
21303
43400
31351
34438
24696
20563
11350
30125
34940
22435
35801
23219
44294
47247
44614
42160
45437
17326
39982
31732
12601
16156
18285
36575
19563
14737
19505
18941
46197
13585
45236
46203
32048
20778
31445
22860
36733
47295
17922
18861
7988
37584
44344
35599
24884
25857
22619
9600
19036
2757
18851
46802
5180
22700
28992
42990
16807
48978
31397
14024
13243
35297
17769
36833
45625
17801
8997
7159
40350
48556
38459
15682
15890
3327
43899
34803
14790
41809
15260
3441
6567
27087
21647
47013
30960
6590
44643
9010
340
36068
10351
26668
42788
31176
31291
42634
13072
49540
18825
21049
18705
42330
3878
5863
42750
37627
15219
35072
48411
47391
2445
11474
27387
11521
2382
26018
32466
12211
49087
18971
2456
608
19556
37222
39504
7033
21958
18650
29777
42030
35606
34362
32370
8795
33045
30673
17881
12637
7383
21672
10650
47915
30076
42487
16861
47095
12203
924
48275
22093
19335
37211
44198
49630
12660
11502
40040
41860
26575
28030
33770
21492
5685
26270
43861
6252
12110
9216
31291
21208
16257
448
17091
25138
15436
29278
49399
17498
21603
19789
38173
47375
37545
750
17142
42840
23564
45402
15487
4072
43765
7748
30501
20107
10468
26570
44963
32934
46109
20381
45239
7695
41859
19336
24088
40281
14474
14361
8754
31339
10040
29818
49004
39698
24486
27253
46003
35995
30857
49634
35227
43523
14314
49930
16218
44587
49463
39048
5366
34440
29279
34615
46123
23710
5119
36974
7354
4048
35891
33128
13249
37533
35171
9821
10784
21504
34102
28957
7618
44584
13462
46984
38218
32036
5960
33448
29196
3647
29717
8648
33637
27226
29937
36957
3784
36622
30303
44091
20197
47401
1427
25949
16677
198
48878
14281
37901
4787
2969
27768
22580
45901
4179
35466
3949
4524
30938
2080
18815
26796
11796
8876
42043
47795
42329
27549
24541
25067
29396
24740
24619
5260
44744
43372
35344
8716
42831
22792
7775
11697
35210
25760
34659
8346
47701
14595
228
49557
1490
19554
30344
44139
47127
35681
27796
34861
24857
15052
16221
30188
22686
10167
18065
12353
47516
7396
2112
43267
27476
40300
1026
15773
13506
4410
6613
38925
2201
29258
39177
44042
46091
3191
16039
48533
2900
26363
28768
15358
35374
14239
49440
3700
9184
33024
18958
15347
47941
37756
20900
37846
39186
44076
21016
15526
19777
9389
43268
34161
14487
27104
19694
18033
3995
36486
38776
48183
11478
41026
44483
27998
36429
32482
3073
22572
42161
43998
24980
34372
20889
45634
27285
26756
9780
19654
24672
12051
49442
35254
31033
15793
14769
19710
46372
9461
30345
3777
36857
27046
27297
36523
34734
8788
25456
15916
16712
13326
21645
42383
5182
29478
24319
6060
35104
47487
12484
3378
17594
24719
44150
39648
39514
2592
4770
12332
49919
38508
47469
44005
36625
14223
31418
13690
21822
19870
1005
13882
12454
48594
7689
48948
49436
31387
15899
45589
39611
46123
13403
25994
15685
36182
21078
18551
24948
30557
34974
42515
23545
20213
17142
23570
33608
32590
30541
6463
47345
30769
49915
20987
13313
24295
20508
27128
2997
36866
14502
48579
9564
1063
17091
36262
38276
37955
47187
27367
19346
9989
12858
21619
15075
24894
37342
16105
32723
36087
42901
44883
22123
16865
32023
47420
42055
48471
32152
30201
11026
48023
23081
11093
9173
47207
35819
32003
12062
35530
42062
3850
34338
2217
4872
43793
3180
419
27027
9011
41334
15168
4455
46346
9898
600
14335
33144
29886
24459
3962
40491
41795
43697
40405
31668
43207
31973
1031
434
34880
36153
26958
777
1097
34696
47330
18006
35111
18789
1124
32914
45735
44174
28219
11749
7014
6313
34367
9759
15793
12579
40618
34502
16543
23229
17520
26012
5179
24449
26610
30081
37028
15939
45695
14802
19660
44830
5284
42844
42592
49781
2077
6128
26561
24856
24719
36222
31196
3678
41730
620
46062
11232
5419
32759
28437
42265
21711
37084
6250
34614
2789
15058
13856
45370
37145
31163
17767
3052
4873
44855
18375
35589
36931
43130
2157
11755
20611
1027
13577
38472
9450
49300
46709
26103
5043
19614
10647
36960
15760
37139
25504
44371
35427
21741
25156
49520
48480
9172
45175
47459
5140
32820
48855
22667
3520
6402
28646
15214
4982
22322
39661
40231
39034
25999
21390
1942
41558
17913
29528
32153
14952
23319
36244
24604
28302
12173
44545
38396
43298
24909
5617
40542
19358
16152
46735
4818
5377
17562
10108
24904
46641
41544
10111
48475
25535
20754
23639
6983
5998
341
20203
29147
23588
49896
17680
6700
8684
5722
12281
28245
29416
36503
36356
33584
26742
6770
1722
5874
23195
36322
6100
39121
39194
21262
25247
809
19127
27120
25415
5551
47504
36670
15909
37484
34152
11114
44913
24952
11109
9100
17624
19735
17591
32318
9564
4147
10959
28487
18086
27598
19645
31735
5042
23667
16496
16161
47245
40963
32493
38916
40415
12816
30007
7011
8880
19967
444
25933
21773
40645
24897
21597
28851
21938
28221
42667
38955
8922
19690
21016
39533
45567
13164
31393
20591
11642
26100
20916
19101
48161
45545
41478
32179
37741
15888
21358
24646
18370
25752
23922
7464
36953
13095
38813
35759
11792
44677
36052
1764
47659
30253
46424
13740
28735
19093
45406
4533
26814
44105
32723
9122
41507
19847
15862
16560
43167
10102
46874
27731
24707
4848
29431
39187
31408
38158
26268
35021
33202
45332
27414
35629
2410
23563
45983
35187
38917
41824
5570
7168
16269
43097
43562
23266
10902
42402
40153
2904
36912
42273
44399
42385
26190
49328
21732
28211
6944
692
6463
16957
14550
33468
48946
34000
36569
38045
45067
37699
14486
29215
24519
25634
30348
44536
38574
45249
32799
9880
22608
1610
31639
6852
19362
27262
5627
7607
47852
9285
22829
20441
22484
29841
13558
34152
31650
22827
31206
6398
28716
47317
45664
29652
20901
4403
19679
2929
46582
7543
1481
22484
42466
7168
44378
10772
48529
15986
33817
11433
36170
10495
21692
36691
27943
30282
15195
26546
41272
12089
12216
41975
43078
28321
25925
1914
48326
40247
12932
29464
38811
28152
25483
292
46186
14077
13487
18242
49305
46122
4101
37838
6669
35186
12253
23973
21364
12916
29987
7469
17194
43956
32079
34585
41885
20540
39124
25470
40063
25726
38470
7487
22802
23068
30007
40460
11307
44145
46268
19494
40271
38678
5555
44048
8779
20525
7725
15636
20014
7665
11997
24465
45446
9265
33478
25459
27410
39088
9036
37671
25147
27725
12174
31895
41649
35218
45445
42288
11354
36367
10936
32090
18930
9195
12262
20617
29557
40594
3514
23530
629
31760
8948
12788
25163
36804
33125
42800
32439
26814
44873
32226
27239
46540
29089
32028
10962
5418
37054
2023
49877
14453
19143
2143
18013
14736
35233
18919
11024
29972
37071
48662
32461
36027
33477
7420
37534
7485
17557
35594
24043
35524
49597
2727
49808
47120
28926
35806
14323
27863
6712
48234
42840
49241
16223
19511
2113
29474
17224
22845
5701
28775
7694
15529
13755
48341
38531
45164
22979
46580
39995
41470
28061
10878
40381
9125
13542
13563
3891
37361
22992
34884
18422
39116
35309
11035
21211
46141
19179
18962
37535
17521
33713
44519
6241
8886
49159
26975
3886
18175
42985
8316
45969
8697
16363
9585
46622
21109
16224
49904
44318
25737
32078
9318
37843
41446
17611
41145
27147
24588
29622
4950
41526
6102
26402
33792
49140
18234
45529
24188
29799
31985
21450
38140
163
48020
6105
47903
30045
41605
43526
45698
23477
4151
35025
26065
14276
28158
13884
32422
17599
21160
18586
22136
35869
37876
8559
37103
31808
22528
44732
49956
3173
3011
6526
41038
30120
1068
8143
10354
28921
29919
45
28037
13260
45128
8646
42599
19784
10419
17959
6118
42900
23622
16410
5402
24370
43550
42528
10848
3394
25975
41000
20022
47579
45839
49495
15345
28131
42958
5977
46118
6238
72
13987
31249
5108
8697
38908
14824
34043
44564
29168
609
529
45587
22517
7904
27677
45485
8663
31307
4642
15005
25105
5855
47892
6713
6764
20536
24089
19612
8987
25083
49359
8726
42047
44377
9363
4484
34768
36916
556
39998
42600
10756
28843
23016
47346
13963
41162
49039
9921
26982
40376
44995
28993
14238
5682
6585
9176
49313
8072
38639
47842
25168
23039
28141
20612
9164
16239
18152
42246
5522
16264
36268
39388
39323
47264
39820
18673
45252
1758
43150
19769
13465
33932
39776
33393
12364
49011
25674
19369
42348
3577
15686
32433
25290
7389
15800
32741
41818
38924
4654
34622
791
23665
20741
8650
25352
37250
27582
23948
35807
44758
11323
49987
30869
4784
1094
38494
4426
904
17183
14139
2611
3963
26082
33202
18776
41195
46703
32837
27226
27760
45994
26364
5402
41979
35165
35236
40374
10007
18185
5479
20311
5179
33509
13317
10183
35153
21414
25607
38433
41570
42588
44634
42150
4333
20328
45789
28672
47839
15640
3795
16023
5651
28475
7602
29713
40128
39901
3607
20270
43653
48608
43127
48540
11512
7828
831
46393
8993
45974
744
10737
32533
22722
34276
33897
47237
16991
10943
24371
8319
49138
17614
48034
7737
1924
21956
28137
17825
34332
4186
17233
46683
37792
41126
5051
32516
29832
33475
23602
3634
32743
37152
10937
24097
10310
16720
6744
37612
44180
47369
7559
14969
48548
33347
169
2887
806
16027
3014
30918
23854
25099
9836
11729
2318
36233
46795
48541
42973
27484
14714
21090
16271
27280
47205
20968
17778
5105
37457
24433
7826
32902
44128
3452
11754
14627
33802
3010
26276
4518
30481
18502
20362
21450
5662
36248
29934
523
24178
13152
19110
36950
19918
48469
40811
15898
30404
24136
38778
32333
12808
48003
35820
49839
16065
9868
418
26873
1567
15270
35491
22704
41678
45447
629
21956
96
49738
43078
24660
48371
47659
20154
6813
13448
34722
15609
27514
32246
3926
9331
46639
18339
6097
2878
15170
34063
27071
45931
24412
30046
49015
5565
38062
6264
33124
8750
41761
25845
4905
38791
37213
4082
28508
43414
8567
15518
19116
17105
20645
25753
45923
48193
21382
20845
29672
17823
15310
4895
13285
8921
38320
7142
10185
6925
10773
29463
30544
20581
26642
7913
35123
23481
13608
29617
20206
30366
17368
7859
5926
10330
44962
19938
46184
45671
39539
2644
14092
21483
9721
5978
46607
16268
23314
25969
33651
3209
44380
19585
17051
11395
2037
26503
29636
36435
49027
36053
16375
6208
30281
6679
9162
7960
784
4042
14568
8567
12985
26253
24396
44977
41308
42251
5508
38164
38412
16963
4915
1429
4226
12960
42336
29061
8441
6028
21729
8030
2799
30212
3319
11010
37611
28388
47477
25887
32515
1933
25083
44776
27962
11326
23197
14072
12266
18022
18341
29230
9741
2271
40247
40579
40435
16108
42421
19341
32696
27001
36090
31394
3997
5749
18336
25102
8994
27475
13072
42117
34460
16329
41338
35630
1280
25068
46752
23535
31437
35686
31764
22547
37071
32925
21077
25453
17724
11785
1709
20898
39133
14354
1921
18412
3840
30913
34697
23425
38273
15255
10462
6563
16244
43049
15805
17468
34976
48304
3665
14380
37729
25456
23253
11385
11541
15503
38832
20841
48373
45720
23514
38769
1849
46102
45912
23048
37202
36937
9313
36904
12337
32259
35529
20255
11506
32142
2488
5916
3682
15246
39431
14340
1307
34502
31326
45
21741
40248
13204
8552
22332
46986
11631
21207
3904
1437
9681
38445
46183
9284
7270
34492
23914
4754
24484
46173
43394
25926
38406
6622
22057
19777
21143
8943
10323
47996
28631
41895
31930
42545
20794
11417
46346
36830
45454
40221
23385
14631
43617
38598
11492
24798
20108
48104
45122
19302
8346
11647
47765
118
46007
37542
25664
37191
2123
11933
39479
20855
40068
14477
41920
37064
6823
32518
9218
21704
48847
5100
15598
22729
20940
11003
41694
5815
46463
43911
41885
47795
22004
29271
747
17381
13742
16354
45428
4443
22970
16821
7081
47214
84
3156
25293
28720
48011
27503
10902
27134
32315
24820
23019
35785
24599
6648
31424
37884
42662
49693
45034
14784
10660
29576
4831
2190
19328
1316
20888
17114
6864
4863
22401
11149
24607
10546
47972
4916
35852
6102
22148
38931
40216
31637
46171
2032
28268
42837
10814
39802
28456
10296
3510
6637
21699
13471
12451
26823
45692
36315
47320
47840
35398
17385
43293
18450
19491
15568
6286
3253
25750
37472
36023
32175
10066
3573
23648
251
28024
5743
19304
43387
40966
39336
31479
13086
6357
1687
13563
11196
41825
19125
5370
31036
7570
20209
26049
30864
32054
43322
17368
5973
42066
35660
25397
12117
24316
24999
24210
12228
29215
2925
17256
28819
30479
17263
14828
17601
36979
4040
9905
49299
45644
43744
6338
5617
43788
22531
35485
27132
49576
38649
14911
36281
3997
25370
34248
27436
35096
45028
31119
37534
15444
31213
19586
5175
25874
46813
2276
32906
37436
33871
37453
44403
40651
9664
7883
49624
29429
11330
10956
13887
12631
8270
2797
27747
5136
44770
28534
13233
41106
9692
38998
16901
20956
47652
4392
5704
25435
36462
26042
36180
21374
18102
34059
30026
811
45903
40833
38508
34247
27499
7375
27161
9807
9713
37133
38531
38187
49702
6567
6923
36877
6619
18750
35104
22536
26929
17311
25104
42913
31824
37489
39909
31002
2456
11286
18050
26410
9428
40518
39889
44618
45460
26328
2542
25939
21725
45254
15570
3231
48874
31144
17602
24409
1326
22143
19862
20379
18373
32219
45626
44883
6437
14940
8808
19693
48741
29040
21029
17657
47763
27314
39648
42308
5852
12317
28949
13854
26685
48559
31750
49775
33850
24505
3684
33769
10419
4301
20390
46503
33214
26437
8890
34360
37269
1898
11387
12633
13155
3777
16351
2168
29914
3314
23618
46179
13049
17956
24141
30424
33104
26015
41643
8119
44642
2003
15856
24410
32034
38932
29236
11639
31103
38462
36133
22922
22561
10717
16952
49084
45145
5924
18683
1799
25334
3254
10677
37504
14046
14507
42427
14753
44414
13549
17635
42703
26838
33639
1315
44709
584
31071
8672
42427
11351
39397
555
14665
16541
39869
20019
46711
46490
42123
18048
27775
24673
22854
30081
16515
14301
30586
19802
44381
34121
40869
26028
38305
6706
482
33523
43409
24526
36796
42425
38914
39915
18526
19561
44854
7085
31572
4184
22039
18120
41983
21309
18146
17115
43000
46603
42695
19582
12345
9826
33902
15749
3721
39324
26483
43289
20945
44615
9171
47271
1669
42953
32596
19373
17002
27432
26516
25446
48283
2315
38210
46405
37490
12447
22490
47616
46752
14573
44979
35038
41833
31178
44032
23495
33248
19674
11141
43098
36586
11871
