83811
14593
3279
97197
36049
32099
29257
18290
96531
13435
88697
97081
71483
11396
77398
55303
4166
3906
12281
28658
30496
66238
78908
3479
73564
26063
93851
85182
91925
71427
54988
28894
58879
77237
36464
852
99459
20927
91507
55393
44598
36422
20380
28222
44119
13397
12157
49798
12677
47053
45083
79132
34672
5696
95648
60218
70285
16362
49616
10329
72358
38428
82398
81071
47401
75675
25204
92350
9117
6007
86674
29872
37931
10459
30513
13239
49824
36435
59430
83321
47820
21320
48521
46567
27461
87842
34994
91989
89594
84940
9359
79841
83228
22432
70011
95569
32088
21418
60590
49736
35383
83887
90199
73001
28786
89734
42505
7332
30022
4208
41348
52582
35094
8676
27654
74342
94099
41246
27870
85910
65436
51857
84260
60143
18727
34719
18302
32326
97648
73580
70645
34439
97913
76623
56156
76485
52351
47448
28747
18132
66785
64687
11916
99062
6176
14372
20034
82241
20970
89193
55334
78173
8327
50433
50020
78105
61349
69353
32954
72513
1505
89167
94467
15015
89354
70382
98420
34974
84013
44588
14622
38470
56986
20731
59471
426
94647
94330
34523
65613
99872
23417
66543
13948
81960
39118
83749
66541
79819
26072
20033
49010
99944
21175
70698
69515
75
78505
42488
64043
2553
14663
47577
40307
31386
7593
31572
74365
10323
11227
95933
63700
9072
99694
69823
16484
16829
86475
62297
72064
21644
34742
69164
79508
55462
27761
70687
98995
95674
90423
26366
93448
40858
52297
88040
85181
48945
57423
67840
59178
15861
32494
29452
8393
44314
2758
77111
72604
30162
77129
28865
943
9306
92779
82720
7717
30008
8835
4118
43310
9288
67392
31196
36501
87685
63625
28081
70679
17343
94812
74848
75526
61954
31851
61994
53355
24958
12364
12705
86375
56499
46439
55520
53884
61214
95562
7101
88260
85650
84697
12900
7945
52773
95449
44474
14323
32592
25113
24932
70293
58801
18374
55297
24051
36510
60638
32743
9881
58083
72133
12834
6631
85478
70856
1935
12225
98772
30983
21799
53270
63654
63093
28017
52566
7686
21580
49673
283
51174
34761
59639
37389
55445
91304
95749
72846
86753
94164
63789
20290
24891
38891
28535
7666
75915
96435
71067
7990
98039
41105
7493
6573
76570
62494
65910
69616
20636
7456
66563
10501
24357
8982
77993
8908
88502
30829
52924
15714
74669
32272
75881
77925
5210
81184
10746
54949
86164
76504
74086
68523
41468
34180
26773
87783
93873
41181
31286
34815
51877
17155
88040
84608
39322
59930
41442
98549
9509
1221
60069
81417
73793
13105
9603
70469
27939
66308
34761
17362
45746
9017
32019
48435
37354
20677
57434
71201
92215
39652
80174
85718
69330
1026
87539
72693
39241
86952
13578
17602
34665
15130
14030
97311
72513
20375
35698
36931
79277
27608
94059
44943
26686
90112
83131
34601
66245
64033
32915
6659
12098
83137
55519
36266
5779
465
43720
17147
83508
34336
21179
97155
57913
72310
92494
56058
73520
1268
14664
9863
90574
19537
71512
4723
48394
76351
72421
19411
56334
16705
5483
40405
47796
5230
46899
27536
89400
32707
87417
13474
46358
73386
53265
81352
98236
20258
31030
21300
23207
54041
3249
23510
96543
43541
53965
87807
96346
32528
34971
20867
91918
14169
50141
5076
61695
29155
26159
60333
45831
40002
29832
29220
3102
86512
25314
52228
43026
36518
9100
36586
46026
84081
66769
52387
89066
70283
43405
3618
15119
34238
23406
76100
34796
5015
14209
78194
56960
45310
95492
41115
57200
79458
67034
15158
50489
75575
24915
33387
5818
92902
57155
222
68147
70576
90028
94298
97249
96606
87901
25826
47740
56532
9172
87063
43280
81679
41146
86952
16335
94340
39364
66470
40539
87411
53529
42754
52744
91385
38753
72668
16684
25145
55109
87154
49696
88778
98060
22811
80677
74594
39447
53226
71820
54
39830
37607
27550
56347
76020
79517
85814
42238
60947
57906
57955
88556
28011
67001
62022
96464
22242
86357
11115
37197
67562
87013
82961
81168
43934
12241
98454
30785
88185
40688
29445
26101
19314
3202
6058
32093
62278
80121
9546
59693
54322
82545
75455
25486
94156
91273
50329
64800
52384
31980
19343
85991
90129
727
98431
13971
55725
28684
23054
91215
67890
60890
6583
73061
32663
15907
59830
17478
60902
87501
69617
73260
78048
41589
98993
58009
80302
94277
66163
55934
71811
58447
20862
97473
62217
58992
33973
98537
32407
83580
36348
68328
63518
82150
31359
35993
57655
10156
93526
37451
30736
35615
44021
41905
70799
10562
18137
19770
30312
50206
90958
20029
92592
28044
8419
54378
53425
43370
71122
61070
54497
8162
27111
55070
51050
76557
91164
2561
75457
49858
62519
773
46106
39140
98760
51117
54922
70546
97979
96290
71583
79070
28907
63994
28761
35775
57126
63655
3805
50969
44058
87671
89017
52995
94920
21633
61262
16729
81561
70009
3535
51646
77581
73976
86901
3553
11004
84247
56180
17787
60516
23820
6591
34100
49690
42907
27743
59599
42841
44237
99776
49693
36472
98568
55256
33066
10736
61645
2541
98177
70703
6827
45871
29390
85216
8994
85427
5277
98859
4068
32412
26131
2672
81440
19974
31267
16545
62071
87748
14994
73921
28570
60953
91681
33587
48352
21993
79416
79594
98033
94157
15013
21466
40769
14169
75850
3366
40889
75471
88782
49193
51991
93719
25996
9962
77608
90521
82214
31831
13357
91383
39530
89688
78698
15867
74178
5384
45509
69828
56149
86707
48572
9039
66318
84875
44726
1659
55058
64252
13834
56823
47473
83308
60259
92709
20053
57081
23087
96181
68387
85257
35401
80729
70540
63373
60932
57092
95818
77657
35180
42246
32178
11360
36560
59088
31964
98367
60911
74692
79998
87581
49675
44093
3762
64790
42601
23835
63905
27803
46508
33863
44609
36656
78140
91906
36212
72849
1331
67716
25043
11222
31636
94382
53272
64039
72769
99375
31500
90520
62403
84660
93303
64333
58744
2261
12197
38567
29046
53006
90674
31891
40136
87027
76226
48369
62032
72545
69589
45057
55772
97772
72141
43358
46113
92125
59474
35510
40190
32952
30218
15815
94541
25243
41360
15671
97371
70237
99902
90462
24268
25106
28362
96811
63465
36242
94973
77279
99642
68766
78223
37094
13177
25444
38830
29817
47302
23520
39619
1855
92802
70011
16592
35955
5966
7147
72530
38291
91412
16552
83607
98670
64341
13447
1608
75244
37269
61525
62747
57734
44658
24165
6735
33093
62617
14954
8565
52522
64455
9711
75632
82503
89975
7027
19888
19556
73773
39825
11165
32531
15526
73148
54549
79472
78136
81058
29582
68495
49857
59050
58029
38975
77140
56208
40027
74532
81400
7895
79906
97005
13007
99974
27236
81988
27660
34688
86564
10642
20586
31440
22783
72351
9839
20518
351
53546
59049
90358
77833
61593
38176
4279
30341
37763
92663
37057
92142
59511
9330
90097
30596
34676
81928
77305
86663
25929
55724
15044
71377
29467
84887
19529
34817
18644
9360
7817
21748
40320
77994
98168
74608
37829
57561
16300
61434
90267
39858
91716
52758
35684
65598
70777
64723
57378
10544
78386
5225
56627
96277
42248
79130
32817
3391
11971
30006
88382
75393
76956
2720
88118
35326
75530
5274
99126
22963
61670
68022
85395
57964
36459
23789
76721
57133
83203
64452
11960
61606
45608
53524
43688
42082
87836
13711
21080
43229
53956
90922
64943
37778
86847
52489
99681
72103
4810
59615
11543
41225
33083
42373
15195
52977
67450
151
86201
71119
60553
54166
7105
24587
67953
47420
81610
99149
65339
81974
57940
99614
6765
26681
35004
71988
17173
37753
57425
91522
63533
15916
3784
82579
79807
31366
93033
20759
40731
72200
1793
72385
53477
12218
29452
14872
60483
15397
84897
20182
65324
93927
38255
66699
92460
35839
54460
63243
61895
31947
59872
72256
18959
50278
24984
78562
66617
97819
17893
9151
36209
54388
44549
66551
35019
337
37073
95165
39133
76932
76012
86500
64179
19477
58530
70593
63484
45237
43574
72341
99992
71229
49442
59683
42177
24728
91423
31301
74947
50197
30614
53842
5721
41705
97610
61994
92436
49969
50605
86992
85462
19937
64924
4853
16548
65837
77357
43516
13155
57712
13070
68938
59891
2012
94693
18895
53737
85824
20233
9808
61538
34738
44376
81692
90795
52099
85176
10528
43066
88390
69943
49809
41506
82156
94204
99537
63957
70913
4706
80932
8969
30772
82728
89706
37668
29818
97881
11847
56882
12904
99664
83067
92261
13174
58154
21806
90965
39252
3795
6029
42517
7356
38453
46985
49132
56451
19081
32008
69622
54009
74178
89365
23601
22281
22947
10351
79888
50141
81227
89540
31567
65231
76436
18759
30434
60444
83612
33290
60237
33467
87405
1232
60982
37701
88816
71644
20707
9682
57899
45294
77015
39211
83747
55616
90481
32781
59879
39600
26112
50423
63336
13980
31092
49987
74964
47050
75342
38781
91656
38697
2876
86276
51880
35977
1062
74178
89890
97606
6429
79483
97672
65108
37513
30163
79570
46180
28706
83443
24921
81382
32851
88836
99036
94494
86401
89242
17928
82346
12736
82243
84718
5168
40493
57780
4374
75966
47824
95992
17225
11814
38681
42824
97974
54461
23022
26319
17323
70702
47954
69580
65772
35721
21568
33682
63157
38685
97854
44397
15096
61386
9870
18450
98849
29572
88648
94925
88396
52090
73049
47943
11837
51718
1825
34664
70330
16200
59610
48312
88189
98175
88126
34363
76620
49942
83696
48690
14202
88453
30648
61798
3281
81206
73585
42993
79965
29016
84890
8286
83284
60853
91892
39609
85098
53517
15293
18321
5944
4878
39894
64570
15221
12740
30776
70458
17782
50941
59460
48630
87882
97405
91290
70805
54936
76984
97291
95237
20254
54380
85842
12979
64140
80695
53493
36667
4289
90477
48567
28478
58116
58288
30948
47538
13023
89874
48148
71365
84519
47013
7937
52185
36161
24879
16012
59601
12016
86871
27802
84110
83820
78270
2800
6630
43714
31926
16506
74001
26897
8993
72642
27153
76859
28306
30540
43065
19341
78117
372
36343
18965
17039
70808
32854
22872
14409
86647
3380
17276
1948
46956
31187
77183
42438
2069
22839
34783
6869
16615
97219
55177
68956
14897
97736
8331
62423
58757
47454
67272
77813
14294
59246
66040
29039
80624
5684
95322
86364
68348
39536
60037
84324
4083
7973
62782
52641
55873
89929
14151
64261
93376
58139
9633
10590
42220
79731
19443
8610
16541
36047
81831
82979
76725
71875
93344
42623
49926
78302
69542
38653
59470
66264
79355
56388
13000
91984
14997
85815
85317
72265
94482
28184
56371
59187
29950
54240
44425
59442
52263
54525
95632
12464
40967
55937
40964
87178
33409
49061
20007
90024
62164
8800
11958
11189
12220
56607
12657
97595
96836
48844
17055
72925
7862
76870
73609
73621
43208
87820
16022
53846
46347
87208
98342
55436
94511
6744
37701
78697
40954
46091
13580
75749
66508
27885
20281
86080
63202
29393
14185
45891
72911
48177
15059
99957
36513
75249
29644
56245
73527
81491
80423
88471
84240
72973
3442
79823
86224
90895
35055
3795
23648
35819
92105
99931
40500
44542
46010
801
23778
18777
74229
86160
52532
9121
18596
97121
82992
4019
12027
97795
69532
28198
49309
55029
59461
44682
20632
48504
40847
94582
42518
74396
78149
11136
6896
20393
20633
98886
80982
6523
88339
10694
35666
58080
86762
55577
63657
79571
57940
54288
35805
28256
98952
67155
14919
45243
56350
14535
37126
88896
88931
77744
63784
69067
87443
40426
5953
28904
51808
78555
7181
1008
26795
39508
27687
17988
33492
37939
43008
15727
1014
65194
97913
56447
23029
16933
49835
69807
92232
30162
65571
73234
87563
46422
9448
52045
97261
5545
57177
2457
60261
10206
41034
75466
56268
75157
53009
92996
83905
54748
37948
15097
53089
2734
42569
22528
81019
60306
90389
47429
11552
57241
13876
31892
57105
77185
52488
68677
10309
51874
40669
97755
44501
29042
43656
22038
10012
66911
82999
14946
69548
66841
25416
45794
46020
95340
84600
19359
30969
13475
19195
33551
25857
22741
78958
20037
99643
99504
85919
9877
23219
82307
64765
60812
98887
73890
99599
75953
58839
89278
73990
84279
83270
81858
42364
82211
41437
19787
57641
8951
61463
57962
82757
39692
36003
77519
7363
46130
66498
9725
40686
60522
59234
4930
7457
48332
37628
10058
84498
11836
80611
77868
66463
50395
60649
76065
72656
96852
5377
58948
74929
85438
24673
42144
79300
62342
65716
19774
8110
59051
13567
45016
93627
11054
66133
84690
22618
5131
32473
92750
57378
57596
68691
68518
79929
20808
47697
48871
37080
50780
53579
44351
88985
78367
6864
82692
84844
43864
8640
43214
12388
73134
88917
50668
37244
33030
94862
86058
78998
19710
43695
10683
76381
86981
18538
45852
40663
85991
91552
86788
51375
16902
77994
92909
11105
40578
73260
49373
84344
43055
16751
87834
92122
96833
89839
68996
12250
84676
87879
55497
66649
47426
2390
47527
40484
23628
28075
44792
63737
25167
29694
18031
20309
10115
38771
13257
66544
70749
96816
69014
4948
86761
44141
81007
17177
78283
49378
20219
21267
23704
90813
81886
21698
94527
57367
5727
53853
47750
88653
94318
31134
58223
80032
37347
98618
98113
58842
30672
69994
31349
40563
61475
25431
48214
88908
74767
57750
60514
36933
50053
65917
69136
54875
21242
26175
79255
18141
32769
6840
84041
62992
48656
72685
13447
93245
67622
16342
37364
10994
21013
35756
58894
67287
19314
57341
12022
29103
59131
45821
3496
54382
6981
51965
65800
49016
30904
50616
10697
49141
29431
3695
41771
12988
93678
85192
43948
19143
18036
5021
37602
61926
91236
18192
99463
92477
61488
58800
80655
689
10385
2491
33545
28267
19598
71933
95321
79808
69177
55477
14574
37763
31148
39473
15971
6259
31253
55028
83749
81634
59915
8233
14531
65514
78216
70262
2155
82832
67552
75373
31712
94182
18819
38178
56262
206
80585
46245
31532
74799
54601
24552
87081
87585
11222
68615
47266
8871
68952
71314
66497
66536
72634
2666
51178
61622
5707
83319
50710
48930
33247
97953
2129
46806
8856
45194
31605
96069
86128
82347
13588
76272
96363
99180
43584
17487
5812
46177
71568
44375
84253
22950
89743
60900
91147
62723
82803
23892
17676
8271
93854
59989
4848
38463
26423
5742
26145
5493
41366
40643
67553
52197
71177
62050
33203
4800
98736
84791
25049
37502
46790
6266
85949
43507
35812
16316
48238
57273
52432
97427
57638
50679
44439
24487
65039
90711
65212
48149
68063
34960
10829
95301
55641
10346
56441
78965
23653
71497
38505
42102
13448
10495
42982
86629
38751
40174
58448
78987
94066
55852
21843
90409
58184
46078
58607
5552
95266
46211
80590
57009
35987
83817
7519
9836
87974
83561
53243
47620
67252
98291
89052
20970
4082
18715
79636
88879
57433
4562
16546
8813
30933
84563
48016
47468
50182
74350
4245
79311
20112
89007
58973
48624
48761
58189
10078
75226
18048
69398
48097
52172
41208
85140
36529
32718
14870
3397
96427
24386
65411
67862
50724
73620
15436
34312
34117
92280
58494
28125
80200
37432
90962
64383
26238
16075
17791
9707
59251
22631
93503
58342
11507
89382
41890
87536
45538
93001
8512
72090
71064
38059
39316
20645
93299
93004
91780
83585
22819
47382
66684
29392
15908
26343
18203
31030
64753
3446
47304
72617
75010
48354
61264
72306
17010
80210
11301
8618
40540
52188
93970
94224
62740
68904
53844
53666
75354
9667
16427
41554
84193
9721
58980
61058
89144
67812
45157
16822
72261
83860
77043
23851
16913
56705
65912
7264
16275
67909
20057
39863
21582
21230
42292
92974
29553
45354
68013
37231
10337
32848
25730
83239
72200
35973
16407
81923
39692
80535
69925
12246
65874
84016
22104
77570
76107
20211
22440
86342
81852
94455
79317
44253
73875
5400
3719
10647
5959
84077
75599
34689
85345
27632
74992
54603
81017
83754
3970
65279
82204
71510
37968
84137
39597
63301
32097
89784
53228
38986
59447
9565
90258
7853
20720
57620
54477
63472
60876
26742
44590
79517
18831
40971
94158
41854
96234
45269
52261
17140
99702
48568
67500
73617
13918
41828
31686
61142
16060
35059
58930
32496
18466
12690
6633
38039
50352
80659
54806
32542
20933
42918
75719
94520
40989
24882
20886
65309
67467
61187
65374
40442
65192
3038
11803
51544
66250
59931
31553
28200
76461
46255
6378
6625
36878
64867
78318
85756
88149
61681
37454
70346
1072
14090
56483
17556
34665
95356
47944
52856
47965
5931
52506
6706
74748
73639
25514
47517
72513
37828
9638
50640
66094
59029
72071
36664
81690
89182
80091
15573
16865
12673
51630
48916
44445
73117
47921
98955
18910
26091
78967
66732
52611
65547
5277
5939
5101
17962
93532
43653
62095
68070
59899
19522
79464
67569
18322
42988
80357
41751
21300
51506
80806
96905
39222
77821
44090
66495
66810
69775
64206
92896
73784
39295
62246
2181
48282
43417
88318
14367
54597
76508
40328
95070
90184
82479
3493
78239
62206
34804
85930
75822
75712
29825
94556
6732
76484
62974
22350
68713
82448
94527
81231
49833
19370
89225
31746
4139
75048
91819
14405
25007
2483
57808
41117
54891
19849
54128
90506
26725
53789
65775
80148
61815
96448
95343
8164
92508
18099
67985
27177
73517
42605
86800
62702
68876
49392
41125
22700
60250
69879
44870
71602
46438
88588
94494
89227
84320
90874
34651
79964
63463
25201
32312
36570
73150
39125
29474
39009
37881
92393
27169
90472
92405
64095
41556
62889
45719
73465
94590
35843
37722
15975
75167
88687
71198
49768
51713
45238
19199
38071
5514
37701
93604
10359
45399
57984
85980
33613
97956
62794
28048
26486
70593
35538
73665
91249
35602
17993
14317
80699
97111
76918
31364
31780
6654
87797
69605
29580
83617
30519
6881
13134
54173
43293
94026
61919
13179
89286
18019
680
72136
20702
53335
85576
62351
62581
85268
26144
99079
37650
42097
37410
84660
7755
11726
85499
75253
30438
70144
96822
94781
4889
22947
54774
23041
4764
52035
64931
24421
98174
37942
4911
1215
39111
74444
79008
14065
43915
37299
59553
84059
71212
68724
64739
17590
66089
61345
35762
25273
14765
43344
21299
95830
60151
84973
33721
94189
24406
1847
96550
44186
38670
74421
88396
99259
25319
23003
80080
83720
53149
56060
67539
42983
11369
52539
87721
12503
24220
18431
62581
42416
32513
896
34182
50276
30871
58555
98797
34996
43205
39577
76345
94750
75089
1499
34283
85680
47128
90803
30973
8143
87529
15496
61001
40214
20935
53139
89926
65867
92217
40761
90478
15390
83718
38672
48175
80561
28948
28722
17508
62677
20079
59635
98008
79396
48972
54506
92005
71990
61713
99268
70454
87045
28628
99859
32436
89174
98926
78095
10731
68880
58557
69229
92245
47420
10238
73947
14708
8095
71782
66256
26498
75066
70342
19642
21567
43008
68203
57913
15236
89168
26923
93968
76435
64072
11920
66896
58391
7293
59433
17295
67273
54451
59874
73913
7568
73243
60605
88182
40393
94802
2854
51898
33353
396
97755
28561
75801
9573
5937
55535
45159
91801
8358
70932
7898
9047
61876
4160
37630
53592
23591
17751
84086
95590
84657
55098
49082
50133
58791
49480
49237
10519
89487
86743
70688
17432
85661
45583
15550
23393
70420
51519
69317
16692
95402
29189
456
99114
2980
39108
60687
88277
94254
71362
55592
69722
49713
30103
32442
60376
45372
20333
36130
24705
95031
14791
4223
86534
54951
80600
2051
31545
27012
8820
13225
77850
4401
58516
78353
88084
92182
6381
32078
97065
5799
52726
57536
30716
70748
28478
98879
7399
18368
66047
37915
30693
95882
75512
41800
75691
78371
88151
42031
31052
39553
18778
86536
68322
28973
54207
39388
36065
7990
72971
77551
96366
22956
82051
88966
55995
72857
64963
6146
45144
84321
87995
49959
68743
41778
91267
54569
53512
19559
39307
49344
24102
98883
70508
62066
31585
29537
39419
92744
18921
60690
7553
73714
54091
54593
73045
69468
17576
50911
31832
33423
26652
43289
84766
10364
58955
48638
12120
70207
94973
24967
6756
35188
49437
88300
79295
79027
5184
9540
24663
99838
77016
94937
88009
73250
28445
62836
27380
43643
39740
2010
27763
24907
97187
15377
97895
98872
62774
31798
91178
79221
92245
26806
51988
31370
72363
42155
37102
49895
61113
69947
85030
47089
40426
34284
47140
67216
65180
61081
12925
94689
61538
99829
41974
26625
48590
41016
54255
5993
73732
29003
97158
19127
2126
34181
72524
76551
75910
94374
54733
38692
19977
25716
43237
30150
49787
74684
32209
65445
72174
85801
89765
44246
33729
64045
94839
84109
96941
64304
60402
22051
96046
46161
22186
18345
94413
71637
64005
24124
71059
84124
7699
68675
4434
9743
87585
6359
837
54054
18022
82668
30335
8909
92691
19796
1199
28669
66288
59771
48917
7924
80981
83589
87393
80809
63335
86414
63945
2062
867
69759
72306
53915
1554
2193
69392
94660
36011
70221
37577
2247
65827
91470
88347
56437
23497
14027
12625
68733
19517
31585
25157
81236
69004
33085
46458
35039
52023
10358
48897
53219
60162
74056
31878
91389
29604
39319
89659
10567
85687
85183
99561
4153
12256
53121
49711
49437
72444
62391
7356
83460
1239
92124
22464
10838
65518
56874
84530
43421
74168
12500
69227
5578
30116
27711
90740
74290
62325
35533
6103
9745
89710
36750
71177
73861
86260
4313
23509
41221
2053
27153
76944
18900
98600
93417
52206
10085
39227
21293
73920
31520
74278
51008
88741
70853
43481
50312
99040
96960
18344
90350
94918
10280
65640
97709
45333
7039
12804
57291
30428
9964
44643
79321
80461
78068
51997
42779
3884
83116
35826
59055
64305
29903
46637
72488
49208
56604
24346
89089
76792
86596
49817
11233
81084
38716
32303
93469
9635
10753
35124
20215
49808
93281
83087
20222
96949
51069
41508
47278
13966
11996
681
40406
58293
47176
99792
35359
13400
17368
11443
24562
56490
58831
73006
72711
67167
53484
13539
3443
11747
46389
72643
12199
78241
78387
42524
50494
1618
38254
54239
50830
11102
95007
73340
31817
74968
68303
22228
89826
49904
22217
18199
35248
39470
35181
64635
19128
8293
21917
56974
36171
55195
39290
63470
10083
47334
32991
32322
94490
81925
64986
77832
80829
25631
60013
14022
17759
39933
888
51865
43545
81290
49793
43194
57701
43875
56442
85333
77909
17843
39379
42031
79065
91134
26327
62785
41181
23284
52199
41831
38201
96322
91090
82956
64358
75482
31776
42715
49291
36740
51503
47844
14928
73906
26189
77625
71517
23584
89354
72103
3528
95318
60506
92848
27480
57470
38186
90812
9065
53628
88209
65445
18243
83013
39693
31723
33120
86333
20204
93748
55461
49413
9695
58861
78373
62815
76316
52535
70041
66403
90664
54828
71257
4819
47125
91965
70374
77834
83648
11139
14336
32537
86194
87123
46532
21803
84804
80305
5807
73823
84546
88798
84770
52379
98656
43464
56421
13887
1383
12925
33914
29099
66936
97892
68000
73138
76090
90134
75398
28972
58430
49037
51267
60695
89071
77148
90497
65598
19759
45216
3220
63278
13704
38723
54523
11254
15214
95703
18570
45657
40881
44967
59682
27115
68304
63299
45653
62412
12796
57432
94634
91327
59304
41801
8805
39357
5857
93164
15085
2961
44968
84931
14335
88755
21543
97058
31971
67633
22866
72340
20990
43384
73381
55886
60563
30390
53091
82544
24177
24431
83949
86155
56641
51850
3827
96651
80493
25864
58927
77622
56303
50966
584
92372
28154
26973
36484
98609
92244
8201
75675
13337
70372
24506
47946
42728
25831
59973
14937
34388
87911
64158
69169
83770
41079
78247
50940
80126
51452
76940
14973
45604
46136
60013
80919
22614
88289
92536
38987
80542
77355
11109
88095
17557
41050
15449
31271
40027
15329
23993
48930
90891
18529
66955
50917
54820
78175
18071
75341
50294
55449
24348
63789
83297
70436
90890
84576
22707
72734
21872
64179
37859
18389
24524
41233
59114
81188
7027
47060
1257
63519
17896
25576
50325
73608
66249
85600
64877
53627
89745
64452
54478
93080
58177
64055
21923
10836
74108
4045
99754
28906
38285
4286
36026
29471
70466
37837
22048
59943
74141
97324
64922
72054
66953
14839
75067
14970
35113
71187
48086
71047
99194
5454
99616
94239
57851
71612
28645
55726
13424
96468
85679
98481
32445
39022
4225
58948
34448
45689
11402
57550
15387
31057
27510
96681
77061
90327
45958
93160
79989
82939
56121
21756
80761
18250
27083
27125
7781
74721
45983
69768
36843
78232
70618
22070
42422
92282
38357
37924
75070
35042
67426
89038
12482
17772
98317
53949
7771
36350
85970
16632
91938
17393
32726
19169
93244
42218
32448
99808
88636
51473
64155
18635
75685
82891
35222
82289
54294
49175
59244
9899
83051
12203
52803
67583
98279
36468
91057
48375
59598
63969
42899
76279
325
96040
12209
95805
60090
83210
87051
91396
46953
8301
70049
52130
28552
56315
27768
64844
35198
42319
37172
44271
71738
75751
17118
74206
63615
45055
89464
99911
6346
6022
13052
82075
60239
2135
16285
20708
57841
59837
89
56073
26519
90256
17291
85197
39567
20838
35917
12235
85799
47243
32820
10804
48739
87099
85055
21696
6788
51950
82000
40044
95157
91678
98990
30690
56261
85916
11954
92236
12476
143
27974
62497
10216
17394
77815
29648
68085
89127
58336
1218
1057
91174
45033
15807
55354
90969
17325
62614
9284
30009
50210
11709
95783
13426
13527
41072
48178
39224
17974
50165
98718
17452
84093
88754
18725
8967
69535
73832
1111
79996
85200
21512
57685
46031
94691
27926
82324
98078
19841
53964
80751
89990
57985
28475
11363
13169
18352
98625
16143
77277
95684
50336
46077
56281
41223
18328
32478
36303
84492
11043
32528
72535
78775
78645
94527
79639
37346
90503
3516
86299
39538
26929
67863
79552
66785
24727
98022
51348
38738
84695
7153
31371
64866
50579
14778
31600
65482
83635
77848
9308
69244
1582
47330
41481
17300
50704
74499
55164
47896
71613
89515
22646
99973
61737
9568
2188
76987
8852
1808
34366
28278
5221
7926
52164
66403
37551
82389
93406
65674
54452
55519
91988
52728
10804
83957
70329
70472
80747
20013
36369
10958
40621
10358
67018
26634
20366
70306
42828
51214
76866
83139
85176
89268
84300
8666
40655
91577
57343
95678
31279
7590
32045
11301
56949
15203
59425
80255
79801
7213
40540
87305
97216
86253
97080
23023
15656
1661
92786
17985
91947
1488
21474
65066
45444
68552
67794
94473
33981
21885
48742
16638
98275
35228
96068
15474
3848
43911
56273
35650
68663
8372
34466
93366
75583
82252
10102
65032
59664
66950
47203
7267
65485
74303
21874
48194
20619
33439
13488
75224
88359
94737
15118
29938
97096
66693
337
5773
1611
32054
6027
61836
47708
50198
19672
23457
4636
72466
93589
97081
85945
54968
29428
42180
32541
54560
94410
41935
35555
10209
74913
48865
15651
65804
88255
6904
23508
29254
67604
6020
52551
9035
60961
37003
40724
42900
11323
72495
59867
1045
48355
26303
38220
73900
39835
96938
81621
31796
60808
48271
77555
64666
25615
96006
71639
99678
32130
19736
836
53745
3134
30540
70982
45407
83355
90894
1258
43912
192
99475
86155
49320
96742
95318
40307
13625
26896
69444
31218
55027
64492
7851
18662
93278
36678
12194
5755
30340
68126
54141
91862
48824
60092
98029
11129
76123
12528
66248
17500
83522
51689
9809
77581
74426
8164
57015
86828
17133
31035
38231
34209
41289
51506
91846
96385
42763
41689
59344
35646
30620
9790
26570
17841
76639
14284
20370
13849
21545
58926
61087
41161
53283
15826
70245
46962
27216
59234
40411
60732
34736
15718
11852
20659
89923
39875
92368
91342
79077
5287
28184
42965
19442
11956
93213
32535
46628
51937
67301
6417
88760
39170
34101
22790
4074
53005
59271
72870
98053
72106
32749
12416
60561
13358
18323
15920
1568
8084
29136
17134
25970
52506
48791
89953
82615
84501
11016
76327
76824
33925
9829
2858
8451
25920
84671
58122
16881
12056
43457
16060
5597
60424
6638
22019
75221
56775
94953
51774
65029
3865
50166
89551
55924
22651
46393
28144
24531
36043
36682
58460
19482
4542
80493
81157
80869
32216
84841
38681
65391
54001
72180
62788
7993
11498
36671
50203
17988
54950
26144
84234
68920
32657
82675
71259
2560
50135
93503
47070
62874
71372
63528
45094
74142
65850
42154
50906
35447
23569
3417
41796
78266
28708
3841
36823
7680
61825
69394
46850
76545
30509
20923
13125
32488
86097
31609
34935
69952
96608
7329
28759
75458
50912
46505
22769
23082
31006
77663
41682
96745
91440
47027
77538
3698
92203
91824
46096
74404
73874
18626
73808
24673
64518
71058
40509
23011
64283
4976
11831
7363
30491
78862
28680
2613
69003
62651
90
43482
80496
26407
17104
44664
93971
23261
42414
7807
2873
19361
76889
92366
18567
14539
68983
47827
9507
48968
92346
86788
51852
76811
13243
44114
39553
42285
17885
20645
95991
57262
83790
63859
85090
41587
22834
92692
73660
90907
80441
46770
29261
87233
77195
22984
49596
40216
96207
90243
38603
16692
23293
95530
236
92014
75083
51328
74382
4245
23866
78957
41710
80135
28954
83840
74128
13646
65036
18435
43407
97694
10199
31195
45458
41880
22006
83387
11630
92926
87822
83769
95589
44008
58541
1494
34762
27484
32708
90856
8886
45939
33641
14161
94427
168
6311
50586
57439
96022
55005
21803
54267
64630
49639
46037
71569
49198
13295
62848
75767
85324
99385
90068
29568
21320
59152
9662
4380
38655
2632
41775
34227
13727
9726
44802
22297
49213
21091
95943
9831
71703
12204
44296
77861
80432
63274
92341
4063
56535
85674
21627
79603
56912
20592
7020
13273
43398
26942
24902
53646
91383
72629
94639
95680
70796
34769
86586
36900
38981
31136
12572
6506
51499
74944
72046
64350
20132
7145
47295
501
56048
11486
38608
86773
81932
78672
62958
26172
12713
3374
27126
22392
83649
38249
10740
62072
15140
40417
52097
61728
64107
86644
34735
11946
84131
71320
50794
24233
48631
49997
48419
24456
58429
5849
34511
57638
60957
34525
29655
35201
73957
8080
19809
98597
91288
87487
12676
11234
87575
45062
70969
54263
99151
77297
29821
72562
7994
50739
68496
54871
70191
90056
62237
75067
30887
62425
39172
10349
51748
93626
4552
65812
74871
67741
74906
88806
81301
19327
15766
99247
58857
22660
21911
27773
25261
16540
5594
55493
10272
89539
57068
26466
82212
19383
77995
33802
41911
95303
8784
11407
50869
72924
52083
72359
42747
36203
68117
60052
1621
91805
81666
77015
68494
54998
14749
54322
19614
19425
74265
77062
76373
99403
13134
13846
73753
13238
37499
70207
45072
53857
34621
50207
85825
63647
74977
79818
62004
4911
22571
36100
52819
18856
81035
79778
89236
90920
52655
5084
51878
43450
90508
31140
6461
97747
62288
35204
48817
2652
44285
39723
40757
36746
64438
91251
89765
12874
29879
17615
39385
97482
58080
42057
35314
95526
54628
79296
84615
11704
24634
57897
27708
53369
97118
63500
99549
67699
49010
7368
67538
20837
8601
40780
93005
66427
52873
17780
68720
74538
3795
22773
25266
26310
7554
32702
4335
59828
6627
47236
92358
26098
35911
48281
60847
66208
52029
83285
16237
89283
4006
31712
48820
64067
77863
58472
23277
62205
76924
72265
45844
45122
21433
33904
98168
90290
11848
37365
3598
50668
6508
21353
75008
28092
29013
84854
29506
88827
27097
35270
85405
53675
67277
2629
89418
1167
62141
17343
84853
22702
78793
1110
29330
33082
79737
40038
93421
92979
84246
36095
55550
49346
45707
60162
33030
28602
61172
39603
88762
68242
81738
52056
76610
13411
964
67046
86817
49052
73592
84849
77827
79830
37052
39122
89708
14170
63143
8368
44078
36240
83965
42617
36292
34230
85999
93205
85390
39164
24689
19652
67803
31497
7442
78648
52966
86578
41889
89229
18341
94541
3337
85905
65192
38746
34004
54863
53032
50892
96565
4630
76419
92809
74979
24893
44980
95231
93503
29146
89958
70076
83666
62356
88064
46989
66495
39348
22281
86195
73171
23742
38507
12794
61707
16770
97114
33903
95052
73274
99998
23996
89092
43993
85779
11705
29132
46568
29273
97546
40251
55113
43427
48718
34153
76752
38542
60787
15438
61675
7036
83152
76491
76063
81351
9335
61895
25500
65599
15705
89221
50027
69447
39107
54147
7087
19763
18005
26254
44915
53634
74633
59975
18773
41470
93805
23640
10593
63909
43599
82711
23177
41080
83166
7604
618
59252
35852
27445
99772
22100
75535
20767
64170
11540
16962
80542
56848
83033
56284
52874
56234
62574
50243
612
4945
69964
26138
95769
48904
1846
42234
99202
69604
24980
2349
88703
541
82142
96155
32614
29658
90902
45135
40907
16900
13463
50273
65974
77159
40124
21892
8558
5993
39086
38120
59760
95399
68196
78168
68698
44281
56842
90018
17537
44923
64249
47088
98320
24698
21612
52874
2507
29940
29403
95312
17198
27682
96217
2873
77293
66144
22150
16144
48050
93207
85268
4898
49178
83929
33527
70089
81676
6369
77847
6287
86766
14171
85665
2588
6323
90407
15177
54628
58238
49841
16200
71734
33127
62181
91996
20071
26935
91121
89882
82617
1220
39468
55165
86726
13236
86833
68198
35387
81632
79382
91846
17979
54897
13752
67055
94211
80963
15432
37055
14944
13929
65240
26038
79824
26182
34472
68570
26434
46914
92201
53708
38713
21021
5165
71846
65059
27223
90205
63002
43333
30738
359
1672
88033
11666
14475
75256
87691
64764
19549
11808
67071
9837
94839
94841
13277
33541
84455
30299
59868
38801
34620
60854
6565
13083
22899
5171
38086
47215
88706
40988
55837
96802
15192
12452
99380
6015
1268
18140
86948
84830
22350
43079
46862
57373
81502
35168
96085
12184
48841
44922
23970
14921
52531
52462
59840
35630
50557
90427
62685
55279
85046
21861
14819
17369
91249
95213
7687
20893
13594
54530
77431
63266
74573
88919
57431
23759
80128
49775
47003
80132
3778
89715
95326
17126
63319
63980
14803
53908
57762
6026
8302
34291
85849
41188
1621
92350
88858
68789
97469
75583
94867
74058
29359
87798
44342
68040
68565
90210
91827
81034
12484
56735
86733
95244
32582
63168
45319
86994
88644
84071
50447
19485
73184
80336
7153
1527
84332
20569
66266
61511
64991
21680
9813
98492
64442
42027
31575
43372
36459
6600
66445
29191
72155
84321
49629
52859
30802
10333
60175
58221
75109
58734
11537
65334
58599
41427
15560
65192
97680
85639
2330
13454
52880
54047
4697
73025
71972
23
11914
79195
81143
83564
39925
66629
73707
27113
85800
88012
59797
44677
47625
7114
29219
59567
43513
73421
81233
78637
62015
93934
86137
47618
93837
59315
14946
12772
99526
86365
29065
288
44743
46549
83056
38271
71787
68418
49007
92026
13936
6001
21517
64543
18409
93960
97323
94577
53637
14020
33331
80066
25680
24582
15827
51498
28258
59906
24980
93951
44294
14126
99242
54326
6095
83001
88099
77177
16151
59049
59951
86306
77243
66087
17648
65383
569
69516
96498
6367
72513
56730
76693
63299
66629
23227
90678
75833
22761
95748
16828
13574
50779
86183
78715
79451
42185
66075
50419
54876
79823
90770
99926
32538
35861
52150
44940
38558
59356
17482
18112
54100
78975
91753
98098
67148
39180
91947
71803
41145
93307
96577
72560
82914
28488
26331
27488
81811
93636
38087
89996
45259
88130
17390
93114
85209
23307
66047
71106
91005
83477
42256
93108
15127
99717
46169
73700
62964
76390
74795
87446
93078
54720
88375
98025
69980
37478
55364
1674
68516
13956
3313
49922
19049
6956
87852
7420
26202
34994
98329
21095
37568
89574
32842
19193
8131
90518
38685
26739
98776
70933
4235
47014
59323
13433
80755
88543
96927
73648
29401
97310
84820
73567
50973
31143
66968
91243
37702
90825
87097
6158
50015
50798
54601
89804
40981
72369
7052
1700
97475
32944
26620
81339
58074
29564
83072
92358
93002
84887
48201
98974
77121
71646
96791
79088
25752
95016
25363
38559
58828
23256
89478
9761
24508
22780
96349
67351
15644
49441
5327
56166
36584
72955
34635
17049
21094
76545
33426
740
43328
61123
93021
20291
5236
20147
42288
78235
6666
81969
80690
86756
39473
64298
75062
72111
46935
9553
92758
41663
68865
28831
24101
68237
8937
66210
20890
54517
71183
70391
52877
12052
45797
28993
27965
86945
43501
43394
47291
38480
28633
98653
81040
69534
62241
73576
98584
85106
1154
15037
87680
45352
58415
31503
84183
80440
81413
31959
5227
89464
42066
49988
14861
50578
33632
70810
94893
37071
3239
67747
49147
67412
66681
58401
63807
5748
38855
85398
25233
41985
67358
10794
12578
21941
70514
69889
961
82174
8582
27628
87863
82512
27942
89838
55602
13622
26946
70485
92110
97174
57048
84747
9453
97897
89922
20153
3114
60192
93962
43479
4966
11472
9601
7114
23330
33019
73150
9233
75362
29838
33902
53430
50861
59130
82604
53012
56758
41472
2214
51053
88251
15507
70102
774
84073
94410
81049
8289
99086
97774
76757
5966
91867
9515
46885
65908
13912
37990
89900
39499
79504
11339
36900
57368
49993
51789
86603
4040
62127
20490
69923
28819
17876
97879
51249
71530
38664
83106
18885
39067
88774
95595
84927
48907
1462
72552
72755
18531
16153
5476
660
75068
78205
51654
70406
71766
11158
39937
27533
98081
97181
95151
45070
27753
54088
84664
67182
18672
21097
24117
28940
80857
33128
25471
15024
23771
87947
74357
7129
98441
71940
60459
84499
72046
9588
38097
88040
8830
32859
12872
25876
95105
76100
63858
43366
46811
16806
87989
85915
30741
13114
37374
81202
9150
25363
41653
63683
59068
43037
80786
86432
40066
90893
76569
19975
74129
74300
47775
41463
56140
22104
634
41054
32267
29036
93350
96970
83996
57164
36265
47119
17604
89074
96073
43459
62909
60667
58374
47021
40039
63829
72309
14265
23039
84614
79512
10745
36781
18351
70598
25747
34503
96148
82133
10023
95346
9883
2442
66477
82789
4089
76270
75878
53102
77338
27887
4805
72299
34160
71234
70737
61880
85710
19482
47949
51446
29270
77281
96106
38142
17549
60910
65684
66901
11870
52008
47693
65821
1389
86859
31311
80483
89675
21738
99249
67389
18399
58488
20870
23481
74234
74163
86431
19163
96459
95946
63374
47029
5298
28682
99808
63917
30376
8240
34650
48423
30674
5611
87633
27103
67881
47350
50869
61562
59592
6087
5231
85004
42477
13530
92241
68338
83043
35848
97244
34514
75843
71350
74733
22787
49370
85679
49614
47881
77029
85635
10203
67721
32976
49327
29216
67682
53195
46256
45225
63814
63192
79196
865
65777
18215
57659
21707
30146
10105
67442
84342
36807
27724
19693
24499
20626
47478
78909
94019
15510
86653
30192
54345
43284
94406
14856
63114
88504
62760
62787
27618
77437
21135
84838
53858
2943
31939
5656
16763
75169
77641
21120
17659
82516
67194
5137
75009
19250
7329
21803
33851
23598
67718
53144
78559
73873
83575
2441
94313
95418
86737
37153
11240
28390
58878
79499
61790
63134
22357
28753
53841
78754
18706
76369
23840
81686
86462
66953
34672
21984
94921
89862
44915
59438
78189
77411
9024
30123
49573
50524
17330
14231
2171
26523
68513
66108
89702
55024
19604
79366
12623
23256
62374
80577
78619
5117
69656
65973
98617
15404
12215
63209
86428
17083
79099
70686
158
88941
85097
56558
68426
55140
48547
5694
91442
69445
56225
30080
63193
49970
45944
77208
97176
99817
91319
75514
12808
55770
17549
33361
62540
30476
10987
37129
78420
71268
53563
33792
24776
717
92950
97472
933
75758
68491
15445
68127
943
49156
85793
26925
90147
41406
53589
47484
13971
20288
55847
85404
76726
33245
34250
70269
55518
74013
47926
80201
36119
89209
52096
98956
26699
54163
72366
73081
63239
23426
48525
73282
72734
63408
33264
40194
75714
45136
92471
52184
96441
18097
86414
15609
98018
30117
58537
91661
21207
13144
28110
66630
52503
44360
72166
80482
91365
89728
92641
6823
21069
51001
83346
694
11940
19049
61823
78676
57066
11553
8400
34484
29068
48607
10491
79827
4949
94961
50375
52514
80474
86007
68290
37549
93272
78312
7532
22974
83925
64798
57537
1404
26439
86100
67916
37488
25526
4406
78580
66919
67609
91548
30366
80635
22215
88346
4727
47152
31360
85855
38
20637
11383
36168
52355
46286
87774
51793
53144
76819
26256
67862
2015
96591
92226
8994
11819
72037
37290
95177
73285
76407
45626
45545
36243
29662
79478
25497
59607
52948
75355
610
34224
22943
53364
66354
13955
73221
9488
65952
38569
44561
15337
67278
33777
70505
75353
32787
90990
58035
49425
73816
63391
31887
99284
44521
60143
89338
60388
76917
3585
63173
15240
33793
8855
50158
83056
28886
88725
91905
30138
41384
54058
46282
67700
70209
1275
91858
34518
32540
37656
12191
52289
88303
98146
44826
9966
72687
23395
62464
41140
46339
28648
75198
35269
23958
97801
89537
24926
65405
96615
26171
30784
96395
31727
34788
27103
30043
26578
32729
81081
46666
20447
13984
15713
10288
88581
86957
64575
80456
869
70973
5540
63215
48654
81353
41343
64533
75304
36010
64331
23970
66996
36736
52151
29111
98327
75585
16810
7098
68910
55467
62695
70880
4269
65861
45520
51606
89960
22912
59926
15777
91521
67923
60303
41374
90337
1104
1550
88357
27624
49733
76154
13206
42656
47396
80319
34040
24531
71902
34453
31083
35312
61781
80359
44971
47963
24106
65375
55568
27595
54932
91844
98592
48800
47852
52507
36652
59078
23579
74896
17189
75484
89917
29959
13091
94479
35383
30908
72790
56652
49924
25699
19117
96803
19602
61996
1277
23149
55250
65484
17626
82661
67766
69991
94446
41384
63783
39327
32896
73681
74428
6254
52220
12973
90511
21410
7870
28242
33331
62461
82558
12623
58964
97596
43865
34049
47313
47227
73447
73072
33780
45108
2600
53971
15891
46019
89075
79375
26078
75610
75484
85180
85083
70575
22878
37305
46545
42611
88237
66905
63897
96538
58581
10278
49948
80435
37556
60785
82800
18986
21965
83963
44223
55289
82743
80257
74926
53055
9352
10370
21234
45040
29913
41089
41534
85592
38189
93118
35059
79350
84495
51834
35554
58314
47601
98029
76929
68281
59021
54263
21931
24103
3028
16390
95391
30754
86773
32984
97502
91842
98270
10495
27601
21878
52042
13502
12525
8362
62022
71885
7056
3456
52038
68680
10912
13623
34401
81016
20353
11051
85831
51098
40550
30063
32427
96678
37248
58086
82115
16570
17207
69042
22362
3745
4608
86973
46772
42625
62411
61236
70856
35706
71899
58307
17710
91439
70686
23205
77442
78327
59841
82713
98162
83343
73923
57014
68611
83859
83825
69965
40588
45505
63132
70736
29771
11739
57916
40353
47944
54029
34054
20411
39790
1384
13
68593
99392
17866
45074
37587
61499
70137
1091
90148
64479
99022
62531
39271
1198
56419
38394
78251
30306
947
71856
48975
24717
53968
73473
57293
51741
32755
21401
93709
96616
84672
51082
49593
28914
34470
10383
55344
81963
31400
67714
80376
90955
89738
35634
37314
84995
97377
69723
35236
54121
24642
8974
23909
17908
37958
14465
83479
59683
80968
59346
35670
91813
81626
64487
24614
42028
2543
19943
6506
70120
2901
24372
13406
36978
35284
16390
93743
57465
95304
1076
30515
11823
19751
1931
64695
28468
44816
55083
40839
65326
48680
60777
91349
4160
43287
10516
98379
19149
7346
34932
51436
9357
71198
61624
23804
25192
32779
50015
1654
15986
93675
32632
50437
58060
32397
96682
4393
26107
60403
96381
12316
68307
87295
27322
61975
51004
89319
40909
42345
20790
82466
95452
5530
97613
72035
68279
16010
33203
63076
83693
39167
26048
47242
6828
87386
28546
14802
30929
82957
56907
42535
1975
21937
36189
76638
15683
51880
31863
1171
5505
76163
90539
62295
90231
78147
20316
48680
11729
32601
20670
65526
11981
89909
81088
44358
99558
81938
7872
7835
46599
84486
20175
91925
70301
14077
16493
63943
30498
41516
73185
84496
99182
45524
57504
96101
25293
2799
90342
49515
46946
94949
17660
32860
5176
63610
92619
57345
73273
38629
71138
91363
64238
24875
74279
24462
71254
45570
42426
95998
61394
36088
78471
72683
21017
9028
69618
20320
58902
38755
34518
70990
48119
59518
95
83628
66317
49682
96162
24319
2454
81230
47721
81291
31299
42035
94504
8303
86284
70643
50790
24887
68691
89552
65215
72282
20203
80353
37111
42284
53714
84005
42209
14479
12617
68577
86363
8740
5738
17010
23415
4100
26487
14032
63619
25116
12944
4171
74844
84116
50935
86236
64214
68921
81786
91923
77372
33547
6434
48019
28931
79424
94090
9290
1716
27360
85951
64410
10481
61350
83745
7957
47308
73141
97450
54520
48375
92856
7642
80863
34841
69340
5329
96247
9226
39834
10216
28299
68090
12730
13268
95050
30280
69686
50507
24833
25313
68970
86099
32606
74715
81963
23449
73194
98199
73157
54420
97794
13830
83706
75572
46919
88408
60126
92085
87195
55978
13645
21865
23645
72086
52633
66152
44239
86185
20733
69980
78633
58067
46180
41308
72101
42554
48723
54047
83001
56439
95141
42396
79746
31552
73813
71517
28040
49161
72121
97594
33304
47188
59298
58655
52048
26
95200
4544
37288
78088
2137
67845
17706
39563
861
39366
29084
28158
41276
2845
90403
36171
72570
67014
72919
74799
74923
20279
12359
4947
60342
46617
20462
18142
34733
48115
76305
32750
30540
33587
39362
12047
74775
52403
74589
28500
96242
10119
94842
42559
63247
22663
64000
90387
92124
75528
12500
78019
84182
39374
4899
95787
75535
50011
10287
7330
43830
45604
56926
54595
15800
29717
98000
85562
78945
1499
83085
82863
50134
7095
39949
68732
5398
41854
70770
74045
19606
42839
65851
91458
28941
20080
6622
88295
95890
51496
58408
98677
78006
75400
66156
11808
29110
56615
37983
51685
19401
17327
44063
10820
62372
74900
97690
6464
71848
52323
34414
11152
52236
65775
56950
91472
17089
99882
17678
63036
73309
25967
63945
51816
85492
74886
25704
73554
80740
96426
68715
32276
31761
9391
34899
56370
42391
89750
75500
11744
14750
88048
54210
55515
47877
45654
24968
42040
45158
77841
85906
3173
39954
22185
45839
80770
57962
81682
19113
57733
5883
30604
26174
89832
48998
20447
99318
95485
11248
14729
96939
7149
31857
81397
19357
37708
1801
44994
90938
14586
39993
58991
61760
2982
43500
27396
96995
70518
27771
26713
71621
68586
98351
33903
71933
63312
81664
95673
18527
91105
91588
87591
2411
49363
76416
86970
69049
5700
33484
22325
7879
37227
26306
91296
80998
35558
6958
60944
85821
1093
8730
50941
86557
35562
86899
86521
47215
14142
2501
38338
85120
50663
30300
49900
66656
93021
13056
41348
63526
78264
69673
11538
24435
26067
65622
60030
73491
93385
2817
5211
32427
69392
39968
43722
64217
51564
97569
20579
2409
45454
89695
46126
46581
81951
39627
30960
65701
36160
8128
82024
33775
50748
3863
72738
36726
29568
19885
44799
51492
86106
17992
11508
95669
50097
68252
88867
80275
81989
89984
29810
54701
31505
75091
20022
55898
40945
79347
43161
58874
71072
17272
27101
85521
18164
76157
70957
89660
26518
18103
40502
90248
92424
68657
17728
56370
19026
86014
74036
20716
41615
8889
73052
69857
94299
15518
24135
41629
19074
95300
3865
41772
54270
53904
39761
58066
97729
83473
96776
35888
19918
24633
13995
17242
24216
3434
99936
80214
80865
34979
79378
74324
80264
30267
78167
30433
30267
90096
3419
47090
10418
90197
62470
17576
65841
79261
61442
93326
85141
49016
24115
50786
64415
62109
18025
21468
25331
29659
4225
53555
1968
35371
54139
29171
97304
87994
26586
99324
26813
8669
23210
57578
80880
64218
90160
42585
59972
32347
56041
53067
5483
79683
96382
49857
94399
41013
51663
80152
97317
74965
77832
70276
68844
84069
92290
5048
68243
14329
59194
59887
5560
32208
67988
70500
51854
96361
5145
73099
50778
67650
82661
6462
24885
38166
57614
52172
39919
37476
60470
21822
55373
38591
80365
7150
90434
67761
18644
60763
84686
59205
11855
94719
65623
14834
23563
76736
91242
71619
17735
51521
54207
42397
59099
3266
23446
59465
77374
93407
26468
59597
11821
32779
42478
90665
85011
93254
21496
94159
96111
16194
11953
14964
92567
58904
83110
47572
11182
68658
92705
50344
95273
67066
80226
20959
49635
72135
49887
5755
22399
43935
74121
86446
19673
21250
18954
23445
93330
6726
54996
40379
40570
95704
58492
37852
82111
23685
15409
17246
26589
464
81601
33176
1601
60116
65226
65359
71238
754
79690
64680
31180
28427
77184
86439
62353
59473
53760
57918
10408
78803
78657
862
32076
71742
36453
81234
82397
73080
27216
6412
24228
19433
7218
85627
45747
4814
19055
4251
87425
75772
79074
39118
43400
11496
6427
14273
54652
23364
21147
88093
37275
80097
86629
90639
91731
77984
75011
73686
23255
59683
98217
75887
47211
4698
12207
39230
42313
48310
49669
8870
99411
56011
72152
8510
38383
61711
17636
15994
91046
35969
43151
69082
54233
68767
27505
91204
27401
80224
7627
14327
74891
95647
82442
69331
11492
63395
94906
90264
79270
92643
37643
55975
79803
41483
34035
68865
75386
81690
46381
17002
80517
73746
65064
68119
95576
82819
65240
64554
23581
79877
30504
92876
38075
25370
208
15494
3144
60934
81981
15457
96662
27176
80650
54347
54270
5963
43751
45830
73455
83559
27832
1481
83968
26371
90442
36914
33348
8892
40341
39359
66413
72089
42458
804
14921
89894
43685
44743
51911
94949
74570
80740
3817
23021
25431
43322
44295
88143
62798
62194
4661
84627
17794
63111
20367
82209
60375
70382
43924
60617
54258
97333
7343
68299
39236
74049
95023
88893
41354
72769
70240
2454
27298
75681
89849
43480
46347
8679
19570
36761
4086
44454
49184
82119
70029
21754
74840
79389
51062
24561
78013
15316
98506
40408
92441
41223
93041
4146
35586
54247
11377
65150
31149
48705
59233
39667
28330
68826
39626
22940
14711
49050
4902
26490
12138
58167
66322
3269
63264
65544
20196
24932
44580
63370
96003
68633
40680
42905
18782
12879
67653
88699
17396
26895
94971
4792
60211
50802
93544
68465
15183
539
40761
5772
90054
77895
11414
43685
61195
6048
13514
68234
86375
97722
40958
2947
75702
99418
40914
83736
27505
42059
26288
25238
37561
36262
69767
41832
57818
87966
15421
35738
19572
20644
35867
15003
2000
81651
73352
67379
13419
27077
71111
45917
72007
41745
35528
18555
92322
37129
75247
32090
22450
9338
40813
80382
44400
70855
58150
6649
17050
3801
61701
88539
6614
13885
50280
7052
11288
55898
51370
23460
92364
78135
77694
82506
90457
91668
58437
80782
46613
40953
43560
25972
93442
99406
87933
69925
10296
99057
61040
74422
17275
12179
91567
61378
12749
59715
40684
89716
84466
93090
61001
61676
30369
29334
18838
80864
33824
47639
51391
24033
91700
87187
43297
42568
59413
63899
3967
8568
62304
14797
46065
62738
60456
22388
36997
45694
79226
75325
16698
66578
13492
53175
93622
14023
42713
72896
85125
9297
39600
69829
60421
52536
77403
54191
31271
81380
31942
71821
20844
63226
50308
8659
44659
27295
90972
77460
56512
57063
74346
44853
71373
90982
30954
22687
86850
87767
10210
96911
93312
75261
63784
14985
77617
78129
60675
42648
72757
12800
58356
23092
40375
53189
9124
78416
14254
89851
78173
49665
42915
64789
84541
86530
8059
11867
28523
18209
76123
98958
83380
25
99232
19232
86624
19559
59373
69633
38208
51116
80685
75751
58611
25647
26957
89328
41498
39287
74748
89072
39918
56981
94083
45124
11704
76380
1065
80150
66903
52979
16719
38560
8181
48395
71944
6964
111
92191
73405
47087
14379
36990
4088
30834
56586
92042
77354
51678
81949
41698
93294
50174
53220
50013
57042
71450
27685
86834
22730
62243
18229
24672
72801
50410
47224
54688
20221
37811
87827
16456
17601
1521
9404
84986
2059
18874
94548
63793
86236
57244
17797
11098
17986
84181
54508
59773
91147
79224
55798
81691
23567
59559
66771
55591
72359
58989
50426
46571
29589
24353
55676
79243
974
75752
65295
95803
31032
93341
65763
35292
53850
71588
75544
48100
4386
4964
74469
63343
92391
48311
14833
76057
63116
90505
10495
18624
95707
95853
68998
98381
36625
60941
67758
10255
68598
79964
11593
32143
61926
82663
97215
86998
87651
10235
89663
83059
70674
75974
40960
80353
6918
45030
70128
1414
61456
59512
67196
61504
75231
96183
43453
55184
46258
38617
37908
21956
4631
91102
78334
98229
39856
95286
73887
34137
8051
82484
62019
75779
22162
75086
6766
86026
38241
96650
81831
3579
37594
63539
10815
16623
66270
10075
36419
33037
17373
80714
36828
36074
33680
1862
97181
14622
79145
22887
77565
96858
19810
86397
58544
48467
22990
34243
91852
30959
63560
23700
69126
4338
44938
11063
19015
78060
20205
65005
98666
54126
50223
31189
86595
57696
95159
83569
21927
27638
75728
96255
45230
7121
84183
34655
99023
15204
6885
21968
60820
52265
62421
39501
62426
97800
98623
69799
30627
49782
89590
92486
51128
62206
34423
19026
69527
56982
1555
37853
58828
50071
88932
41378
69502
89506
5377
12762
69638
83549
46377
56596
80018
85468
35729
43905
35433
35008
12882
33469
85767
76570
51270
60439
88512
98185
31693
96248
88066
77166
25550
68152
44225
88830
90477
23583
41061
71777
1387
88186
1111
8907
1568
53904
12806
68848
13620
89850
58451
46074
28760
95061
37133
33017
25308
4462
3107
81186
12051
7456
77875
86063
28420
78563
83635
15964
92809
15726
11323
79258
17028
49278
86035
84923
74196
24218
14529
91181
24152
33206
38610
61205
86571
9925
83727
59434
36227
55966
90731
87501
42390
33730
21230
9699
36345
8178
50175
50934
43602
7873
33848
34691
23322
57748
9097
64451
26303
79994
51464
23389
84605
64495
14213
18858
70862
56526
28625
80474
84324
13927
57879
93769
33948
13539
4570
9558
9230
74888
95361
32847
58443
2460
65235
19511
85573
83931
114
4960
87112
51182
34923
19872
91758
43232
51293
75320
486
67553
92748
64315
62671
57155
52942
95390
9189
70796
29603
434
50388
90343
63186
15887
74350
70164
47045
43705
89370
39693
52510
7235
82874
84814
11884
47888
70075
44573
10546
60246
99675
38006
84908
26624
23150
72677
5156
50354
86604
25036
39174
91211
51132
13995
82657
90288
47090
63767
11124
82942
57408
96381
24834
18343
4680
25310
3325
94338
77719
31259
64125
50957
8257
70852
84333
40335
65495
69985
58892
2152
4856
44471
7348
44266
94505
5612
53151
15492
27746
85702
87467
68567
60080
88878
70329
19524
97132
75937
30538
9442
4834
96399
18559
64081
85700
2499
61764
81052
6004
31809
91921
85038
17110
1883
22578
82925
6549
40284
12753
59794
80115
22373
77470
8384
13938
14966
65162
77985
80692
28911
8272
26561
55865
44217
96722
88919
52693
42499
15834
89665
75494
71551
18001
42152
27949
5976
77737
22735
43976
8287
15827
35900
18513
99294
54416
22027
91265
48488
72537
21628
57497
31935
76283
5335
17482
13103
82864
80274
49301
20678
2049
63828
10581
833
947
23517
11684
92634
85427
77822
37190
54556
90899
62392
90749
16633
27022
18755
83864
35514
68563
59038
54006
31360
22879
80025
90660
4932
78155
23594
94005
65522
80223
11538
82208
39479
45594
54892
600
73101
30886
25154
15402
69495
12542
81124
47436
99763
70743
66525
28741
60846
82112
86420
27278
36232
6956
25392
14770
19559
89817
62183
65211
23112
20941
87837
5652
7082
84524
47736
37364
27472
56974
32950
43817
80848
99407
59395
5678
13687
97048
6876
70433
23054
20716
3810
63578
67490
15213
9288
30842
94556
58304
77688
75991
42726
54928
26051
97923
88717
42689
30155
14436
42747
29856
12854
31080
96699
54080
26209
49222
28923
9638
61734
76690
63493
7123
57130
18998
28334
79880
59637
23339
50769
48954
17879
59997
94349
25449
82841
47002
35350
26505
44026
16674
4207
90730
74537
7819
36780
17892
14564
61019
60107
54818
22440
99660
45034
28817
38688
79120
20551
83624
80155
22274
75776
72451
30108
11335
53962
68390
64123
28370
77540
62062
60656
36592
1902
95685
56114
96493
32330
32484
42900
56918
75952
29152
77565
19526
75197
666
54759
5797
5251
61690
96139
66089
4407
55798
69616
51685
62819
91312
12845
59303
64919
31525
10891
73203
98708
1629
90854
95917
53297
28575
17395
46977
38770
31335
84888
11893
2088
62887
87692
39956
21208
92184
60200
74761
97949
76502
3200
59617
60787
18170
92162
53132
24242
48552
82158
60857
92262
83022
179
82223
9267
50447
90539
43635
69589
4288
38875
55824
98683
35362
91496
80282
71099
75397
27152
89741
10612
81325
44001
96438
7185
67468
88429
47709
6759
14545
50195
47919
60995
81152
5358
47917
48030
22973
84958
73242
92390
8783
73500
92975
26833
18142
43900
31279
70731
14885
85071
62718
96650
98603
76038
92124
27499
98720
97651
99731
29549
42004
46231
35044
66004
89159
55435
36326
7139
8306
48866
45250
59299
63731
65727
69034
16084
61626
93039
69718
88908
69843
38308
59242
81390
48254
88252
90863
8602
24688
60015
11444
10509
51208
23438
37798
10086
14335
21597
36169
14684
91368
19393
65055
19727
26773
68248
82219
2975
38427
54597
89444
70967
17306
62116
45443
55068
58178
96694
84501
2816
38210
24781
8251
2889
30452
68108
84499
44025
53962
75852
44931
85952
84680
42770
63721
77773
87275
91340
69490
71889
58361
60032
39857
74351
17296
40173
22510
34080
29725
63471
48746
37768
6203
19444
46285
37275
59760
21806
81086
21076
93299
70166
37388
23892
22985
92814
90815
87341
20118
21136
31183
15325
5394
41501
75305
16578
57789
34133
48454
24183
26891
73727
92686
4547
87236
41543
45069
19392
48879
58777
70762
21312
69946
39527
15924
3267
53027
65460
19056
60037
41972
20455
563
96797
71585
66508
43422
84836
92465
38740
62117
37989
98850
75200
87411
19279
74087
95492
57948
44393
90328
14722
95898
62782
5254
18275
88868
72216
15320
40381
3251
52643
80940
28884
58455
46845
12122
42778
7214
79712
84059
25579
76472
69001
29117
36429
25653
2956
10957
70571
58388
88745
88023
11453
67082
51698
25487
64287
41650
79059
79309
67051
7347
87395
47326
52109
19392
93843
56052
48449
50609
48868
1598
37310
45210
46053
40382
58403
73536
11482
28272
95402
58225
97194
54475
58000
37832
21469
95421
55553
95500
54290
18294
76963
78373
11283
18828
27235
39746
62209
68853
43964
8666
77422
99106
49254
11594
868
53669
83730
35826
54332
22924
72852
60571
93094
74438
98992
17948
26118
24381
50040
37941
72597
64303
5536
39583
76705
39835
64763
73307
96975
60746
29429
3518
321
20189
34430
39344
83959
83436
61937
16277
85697
87283
37708
54678
23511
64473
90157
84514
32080
3729
15645
36336
64626
8746
78498
97723
47417
76162
62979
74131
57157
33805
82313
89904
62396
90997
15675
48917
67178
96071
75401
2300
34019
21345
76239
7670
19155
41902
60430
90870
17760
46844
21406
6933
35740
47339
54987
83395
46660
6386
37993
38229
69418
83748
10070
67354
25404
82318
24019
12388
78481
98649
21907
71266
42285
41447
89781
39463
35581
89843
91484
90223
47517
12562
70048
76028
46089
18838
1691
17951
67918
36886
48892
63557
54001
44606
21369
13425
28558
20258
65980
28982
24697
73225
80404
90395
68899
69743
93395
72236
92048
99131
14938
54703
60358
10014
15279
17201
2278
62852
45641
40839
90578
47523
18221
57926
78336
68567
44833
22572
93048
39936
3770
97578
15545
29145
16871
90996
18660
90184
29698
40296
16430
27505
17068
10303
55681
90547
14644
10189
2465
63473
99266
56525
5573
25737
14132
4299
86480
67303
77749
7769
61484
15588
33163
5673
8684
39538
87502
1347
98901
12649
16226
78879
26923
77019
26218
24220
87897
46077
3836
11899
19079
97806
36357
75990
45592
46164
21045
65620
95494
80342
31697
66180
74742
8958
12990
75778
1833
69316
28443
93823
25107
36944
22515
98831
70403
568
95073
12935
28052
66086
92768
62222
48034
91506
77252
24265
57628
88281
14068
23705
46508
49757
55587
28086
67404
29826
53423
14791
99800
41194
16203
61067
14460
68122
17815
64988
99913
47350
92371
37785
73025
94652
5323
10781
43007
64712
15168
50435
37174
59893
78695
96492
40896
90053
58191
29606
72603
53384
38089
56094
24745
9124
62348
89016
48162
23501
1676
88364
64442
88093
13786
51953
57418
68507
86318
88673
11142
15627
18792
51749
52511
91100
77406
13333
97181
22115
8482
47673
26095
44386
26249
77983
52991
16091
30523
55667
95054
65420
36506
93520
76274
77811
35780
99131
84389
52460
46675
62368
87383
79059
53012
63509
67033
36555
19317
59590
14161
16016
32859
64139
65179
30255
82362
17644
3896
13056
96705
6928
8943
65292
88881
3507
23475
50153
79245
89025
42855
20020
39683
81523
81689
12627
99638
10030
86650
98515
68151
64513
61083
26468
38478
86782
65261
64259
66165
34297
71099
45039
70849
71647
2317
4142
56415
15616
50284
58998
41230
49328
58007
60249
4717
4307
23183
72964
86431
39721
92545
21515
64420
56451
17628
40955
93812
50998
63892
14337
74561
88477
64298
86518
72586
89834
70700
75001
61581
62379
73696
20488
66413
7306
51300
34524
64841
77470
49519
80864
88669
46238
37282
42007
8051
3690
77394
5914
16804
48027
45728
97263
76542
3526
81941
44730
49883
12760
56119
45239
46841
53993
46042
7399
86671
32012
32456
30753
84946
40908
77665
11134
90177
8586
39966
15004
44250
22254
2584
70572
42745
4900
60413
86215
55375
74456
67471
55204
34947
2675
91221
61565
77069
2915
41487
49511
74758
51158
42261
75044
12810
64011
13115
90553
88489
26989
44036
65108
65899
87476
44505
21841
80587
39259
47623
57147
26445
65137
83289
9873
70233
28060
37665
34755
6231
38971
75173
52695
29608
81864
97372
12054
94072
75785
12417
77577
44151
35831
8818
74243
69608
62295
55982
27491
45524
10049
85399
39564
66145
39310
56743
86961
70773
41072
26225
54305
52731
32934
81916
67551
59406
88023
71771
23672
2439
82293
92188
67663
24451
75609
65432
27913
86614
97283
61250
35119
83615
69825
80534
56850
74203
95239
82151
7849
68455
26300
47747
60620
19366
31507
19723
97837
89825
39358
57068
53774
41767
8445
83091
26681
54060
34988
37624
84679
21049
33613
90028
78805
30951
53198
31259
14885
19656
25155
3632
32190
40704
60839
63621
73378
57165
55315
84794
4851
26476
20888
35745
17883
3820
33869
36409
86334
72183
23067
84449
5536
94697
63681
2610
7252
11001
41145
78853
39057
8334
53348
47637
88038
86171
11837
52022
94927
18424
30939
14672
74839
96270
65569
15813
68415
87061
76077
68847
33005
65071
11830
31206
78620
16028
41080
43161
76589
96632
51112
98091
97513
30925
55427
28575
18911
14001
22958
28064
35986
57603
53527
33333
77265
7331
64273
69923
49114
91701
14807
41483
71532
55546
62241
89488
32290
36404
18994
47579
62289
93805
48201
40393
2763
84594
79406
4563
96922
86799
7167
90530
88028
31415
33159
72448
50423
40537
83749
91832
47561
89817
15998
70112
30984
57987
50918
1032
51509
33494
39439
11830
99178
30863
38984
27576
21002
57521
82753
41574
84467
53254
4441
35919
10499
64448
61747
96593
54128
43611
94030
55361
13160
21017
91552
34206
66367
8699
46119
55165
78921
95582
71792
96704
42831
59410
91123
3585
99874
6829
84067
84095
24084
82596
58118
84031
17838
404
52516
26225
82353
40049
41121
75473
10779
14527
20687
32717
67682
93529
85090
17052
77859
89884
53781
41865
59178
62701
96361
17500
34168
22739
90108
77729
42937
36936
26040
11063
54329
48183
23841
51577
49457
74763
29424
2718
3011
73208
84818
80217
82134
29978
11663
60611
25988
34313
91916
22120
6526
52565
81004
56218
78695
34100
19563
11674
48225
22299
74350
15382
1851
94187
68923
57038
59469
88292
64770
15534
29424
93529
26627
24976
34892
37744
97838
64772
50080
17066
56533
27081
